 -1.7000E+00  1.8325E-02
 -1.6990E+00  1.8384E-02
 -1.6980E+00  1.8444E-02
 -1.6970E+00  1.8503E-02
 -1.6960E+00  1.8563E-02
 -1.6950E+00  1.8624E-02
 -1.6940E+00  1.8685E-02
 -1.6930E+00  1.8746E-02
 -1.6920E+00  1.8807E-02
 -1.6910E+00  1.8869E-02
 -1.6900E+00  1.8931E-02
 -1.6890E+00  1.8994E-02
 -1.6880E+00  1.9057E-02
 -1.6870E+00  1.9120E-02
 -1.6860E+00  1.9184E-02
 -1.6850E+00  1.9248E-02
 -1.6840E+00  1.9312E-02
 -1.6830E+00  1.9377E-02
 -1.6820E+00  1.9442E-02
 -1.6810E+00  1.9508E-02
 -1.6800E+00  1.9573E-02
 -1.6790E+00  1.9640E-02
 -1.6780E+00  1.9706E-02
 -1.6770E+00  1.9773E-02
 -1.6760E+00  1.9841E-02
 -1.6750E+00  1.9909E-02
 -1.6740E+00  1.9977E-02
 -1.6730E+00  2.0046E-02
 -1.6720E+00  2.0115E-02
 -1.6710E+00  2.0184E-02
 -1.6700E+00  2.0254E-02
 -1.6690E+00  2.0324E-02
 -1.6680E+00  2.0395E-02
 -1.6670E+00  2.0466E-02
 -1.6660E+00  2.0537E-02
 -1.6650E+00  2.0609E-02
 -1.6640E+00  2.0681E-02
 -1.6630E+00  2.0754E-02
 -1.6620E+00  2.0827E-02
 -1.6610E+00  2.0900E-02
 -1.6600E+00  2.0974E-02
 -1.6590E+00  2.1049E-02
 -1.6580E+00  2.1124E-02
 -1.6570E+00  2.1199E-02
 -1.6560E+00  2.1274E-02
 -1.6550E+00  2.1350E-02
 -1.6540E+00  2.1427E-02
 -1.6530E+00  2.1504E-02
 -1.6520E+00  2.1581E-02
 -1.6510E+00  2.1659E-02
 -1.6500E+00  2.1737E-02
 -1.6490E+00  2.1816E-02
 -1.6480E+00  2.1895E-02
 -1.6470E+00  2.1975E-02
 -1.6460E+00  2.2055E-02
 -1.6450E+00  2.2135E-02
 -1.6440E+00  2.2216E-02
 -1.6430E+00  2.2297E-02
 -1.6420E+00  2.2379E-02
 -1.6410E+00  2.2462E-02
 -1.6400E+00  2.2544E-02
 -1.6390E+00  2.2628E-02
 -1.6380E+00  2.2711E-02
 -1.6370E+00  2.2796E-02
 -1.6360E+00  2.2880E-02
 -1.6350E+00  2.2966E-02
 -1.6340E+00  2.3051E-02
 -1.6330E+00  2.3137E-02
 -1.6320E+00  2.3224E-02
 -1.6310E+00  2.3311E-02
 -1.6300E+00  2.3399E-02
 -1.6290E+00  2.3487E-02
 -1.6280E+00  2.3575E-02
 -1.6270E+00  2.3664E-02
 -1.6260E+00  2.3754E-02
 -1.6250E+00  2.3844E-02
 -1.6240E+00  2.3935E-02
 -1.6230E+00  2.4026E-02
 -1.6220E+00  2.4118E-02
 -1.6210E+00  2.4210E-02
 -1.6200E+00  2.4302E-02
 -1.6190E+00  2.4396E-02
 -1.6180E+00  2.4489E-02
 -1.6170E+00  2.4584E-02
 -1.6160E+00  2.4678E-02
 -1.6150E+00  2.4774E-02
 -1.6140E+00  2.4870E-02
 -1.6130E+00  2.4966E-02
 -1.6120E+00  2.5063E-02
 -1.6110E+00  2.5160E-02
 -1.6100E+00  2.5258E-02
 -1.6090E+00  2.5357E-02
 -1.6080E+00  2.5456E-02
 -1.6070E+00  2.5556E-02
 -1.6060E+00  2.5656E-02
 -1.6050E+00  2.5757E-02
 -1.6040E+00  2.5858E-02
 -1.6030E+00  2.5960E-02
 -1.6020E+00  2.6063E-02
 -1.6010E+00  2.6166E-02
 -1.6000E+00  2.6270E-02
 -1.5990E+00  2.6374E-02
 -1.5980E+00  2.6479E-02
 -1.5970E+00  2.6584E-02
 -1.5960E+00  2.6690E-02
 -1.5950E+00  2.6797E-02
 -1.5940E+00  2.6904E-02
 -1.5930E+00  2.7012E-02
 -1.5920E+00  2.7121E-02
 -1.5910E+00  2.7230E-02
 -1.5900E+00  2.7339E-02
 -1.5890E+00  2.7450E-02
 -1.5880E+00  2.7561E-02
 -1.5870E+00  2.7672E-02
 -1.5860E+00  2.7784E-02
 -1.5850E+00  2.7897E-02
 -1.5840E+00  2.8011E-02
 -1.5830E+00  2.8125E-02
 -1.5820E+00  2.8240E-02
 -1.5810E+00  2.8355E-02
 -1.5800E+00  2.8471E-02
 -1.5790E+00  2.8588E-02
 -1.5780E+00  2.8705E-02
 -1.5770E+00  2.8823E-02
 -1.5760E+00  2.8942E-02
 -1.5750E+00  2.9061E-02
 -1.5740E+00  2.9181E-02
 -1.5730E+00  2.9302E-02
 -1.5720E+00  2.9423E-02
 -1.5710E+00  2.9545E-02
 -1.5700E+00  2.9668E-02
 -1.5690E+00  2.9792E-02
 -1.5680E+00  2.9916E-02
 -1.5670E+00  3.0041E-02
 -1.5660E+00  3.0166E-02
 -1.5650E+00  3.0292E-02
 -1.5640E+00  3.0419E-02
 -1.5630E+00  3.0547E-02
 -1.5620E+00  3.0675E-02
 -1.5610E+00  3.0805E-02
 -1.5600E+00  3.0935E-02
 -1.5590E+00  3.1065E-02
 -1.5580E+00  3.1197E-02
 -1.5570E+00  3.1329E-02
 -1.5560E+00  3.1461E-02
 -1.5550E+00  3.1595E-02
 -1.5540E+00  3.1729E-02
 -1.5530E+00  3.1865E-02
 -1.5520E+00  3.2000E-02
 -1.5510E+00  3.2137E-02
 -1.5500E+00  3.2275E-02
 -1.5490E+00  3.2413E-02
 -1.5480E+00  3.2552E-02
 -1.5470E+00  3.2692E-02
 -1.5460E+00  3.2832E-02
 -1.5450E+00  3.2974E-02
 -1.5440E+00  3.3116E-02
 -1.5430E+00  3.3259E-02
 -1.5420E+00  3.3403E-02
 -1.5410E+00  3.3547E-02
 -1.5400E+00  3.3693E-02
 -1.5390E+00  3.3839E-02
 -1.5380E+00  3.3986E-02
 -1.5370E+00  3.4134E-02
 -1.5360E+00  3.4283E-02
 -1.5350E+00  3.4433E-02
 -1.5340E+00  3.4583E-02
 -1.5330E+00  3.4734E-02
 -1.5320E+00  3.4887E-02
 -1.5310E+00  3.5040E-02
 -1.5300E+00  3.5194E-02
 -1.5290E+00  3.5349E-02
 -1.5280E+00  3.5504E-02
 -1.5270E+00  3.5661E-02
 -1.5260E+00  3.5819E-02
 -1.5250E+00  3.5977E-02
 -1.5240E+00  3.6136E-02
 -1.5230E+00  3.6297E-02
 -1.5220E+00  3.6458E-02
 -1.5210E+00  3.6620E-02
 -1.5200E+00  3.6783E-02
 -1.5190E+00  3.6947E-02
 -1.5180E+00  3.7112E-02
 -1.5170E+00  3.7278E-02
 -1.5160E+00  3.7444E-02
 -1.5150E+00  3.7612E-02
 -1.5140E+00  3.7781E-02
 -1.5130E+00  3.7951E-02
 -1.5120E+00  3.8121E-02
 -1.5110E+00  3.8293E-02
 -1.5100E+00  3.8466E-02
 -1.5090E+00  3.8639E-02
 -1.5080E+00  3.8814E-02
 -1.5070E+00  3.8989E-02
 -1.5060E+00  3.9166E-02
 -1.5050E+00  3.9344E-02
 -1.5040E+00  3.9522E-02
 -1.5030E+00  3.9702E-02
 -1.5020E+00  3.9883E-02
 -1.5010E+00  4.0065E-02
 -1.5000E+00  4.0248E-02
 -1.4990E+00  4.0432E-02
 -1.4980E+00  4.0617E-02
 -1.4970E+00  4.0803E-02
 -1.4960E+00  4.0990E-02
 -1.4950E+00  4.1178E-02
 -1.4940E+00  4.1367E-02
 -1.4930E+00  4.1558E-02
 -1.4920E+00  4.1749E-02
 -1.4910E+00  4.1942E-02
 -1.4900E+00  4.2136E-02
 -1.4890E+00  4.2331E-02
 -1.4880E+00  4.2527E-02
 -1.4870E+00  4.2724E-02
 -1.4860E+00  4.2922E-02
 -1.4850E+00  4.3121E-02
 -1.4840E+00  4.3322E-02
 -1.4830E+00  4.3524E-02
 -1.4820E+00  4.3727E-02
 -1.4810E+00  4.3931E-02
 -1.4800E+00  4.4136E-02
 -1.4790E+00  4.4343E-02
 -1.4780E+00  4.4551E-02
 -1.4770E+00  4.4760E-02
 -1.4760E+00  4.4970E-02
 -1.4750E+00  4.5181E-02
 -1.4740E+00  4.5394E-02
 -1.4730E+00  4.5608E-02
 -1.4720E+00  4.5823E-02
 -1.4710E+00  4.6039E-02
 -1.4700E+00  4.6257E-02
 -1.4690E+00  4.6476E-02
 -1.4680E+00  4.6696E-02
 -1.4670E+00  4.6918E-02
 -1.4660E+00  4.7140E-02
 -1.4650E+00  4.7365E-02
 -1.4640E+00  4.7590E-02
 -1.4630E+00  4.7817E-02
 -1.4620E+00  4.8045E-02
 -1.4610E+00  4.8274E-02
 -1.4600E+00  4.8505E-02
 -1.4590E+00  4.8738E-02
 -1.4580E+00  4.8971E-02
 -1.4570E+00  4.9206E-02
 -1.4560E+00  4.9442E-02
 -1.4550E+00  4.9680E-02
 -1.4540E+00  4.9919E-02
 -1.4530E+00  5.0160E-02
 -1.4520E+00  5.0402E-02
 -1.4510E+00  5.0645E-02
 -1.4500E+00  5.0890E-02
 -1.4490E+00  5.1136E-02
 -1.4480E+00  5.1384E-02
 -1.4470E+00  5.1633E-02
 -1.4460E+00  5.1884E-02
 -1.4450E+00  5.2136E-02
 -1.4440E+00  5.2390E-02
 -1.4430E+00  5.2645E-02
 -1.4420E+00  5.2902E-02
 -1.4410E+00  5.3160E-02
 -1.4400E+00  5.3420E-02
 -1.4390E+00  5.3681E-02
 -1.4380E+00  5.3944E-02
 -1.4370E+00  5.4209E-02
 -1.4360E+00  5.4475E-02
 -1.4350E+00  5.4742E-02
 -1.4340E+00  5.5012E-02
 -1.4330E+00  5.5283E-02
 -1.4320E+00  5.5555E-02
 -1.4310E+00  5.5829E-02
 -1.4300E+00  5.6105E-02
 -1.4290E+00  5.6382E-02
 -1.4280E+00  5.6662E-02
 -1.4270E+00  5.6942E-02
 -1.4260E+00  5.7225E-02
 -1.4250E+00  5.7509E-02
 -1.4240E+00  5.7795E-02
 -1.4230E+00  5.8082E-02
 -1.4220E+00  5.8372E-02
 -1.4210E+00  5.8663E-02
 -1.4200E+00  5.8956E-02
 -1.4190E+00  5.9250E-02
 -1.4180E+00  5.9547E-02
 -1.4170E+00  5.9845E-02
 -1.4160E+00  6.0145E-02
 -1.4150E+00  6.0447E-02
 -1.4140E+00  6.0750E-02
 -1.4130E+00  6.1056E-02
 -1.4120E+00  6.1363E-02
 -1.4110E+00  6.1672E-02
 -1.4100E+00  6.1983E-02
 -1.4090E+00  6.2296E-02
 -1.4080E+00  6.2611E-02
 -1.4070E+00  6.2928E-02
 -1.4060E+00  6.3246E-02
 -1.4050E+00  6.3567E-02
 -1.4040E+00  6.3890E-02
 -1.4030E+00  6.4214E-02
 -1.4020E+00  6.4541E-02
 -1.4010E+00  6.4869E-02
 -1.4000E+00  6.5200E-02
 -1.3990E+00  6.5532E-02
 -1.3980E+00  6.5867E-02
 -1.3970E+00  6.6204E-02
 -1.3960E+00  6.6542E-02
 -1.3950E+00  6.6883E-02
 -1.3940E+00  6.7226E-02
 -1.3930E+00  6.7571E-02
 -1.3920E+00  6.7918E-02
 -1.3910E+00  6.8267E-02
 -1.3900E+00  6.8619E-02
 -1.3890E+00  6.8972E-02
 -1.3880E+00  6.9328E-02
 -1.3870E+00  6.9686E-02
 -1.3860E+00  7.0046E-02
 -1.3850E+00  7.0408E-02
 -1.3840E+00  7.0773E-02
 -1.3830E+00  7.1140E-02
 -1.3820E+00  7.1509E-02
 -1.3810E+00  7.1880E-02
 -1.3800E+00  7.2254E-02
 -1.3790E+00  7.2630E-02
 -1.3780E+00  7.3008E-02
 -1.3770E+00  7.3389E-02
 -1.3760E+00  7.3772E-02
 -1.3750E+00  7.4157E-02
 -1.3740E+00  7.4545E-02
 -1.3730E+00  7.4935E-02
 -1.3720E+00  7.5328E-02
 -1.3710E+00  7.5723E-02
 -1.3700E+00  7.6121E-02
 -1.3690E+00  7.6521E-02
 -1.3680E+00  7.6923E-02
 -1.3670E+00  7.7328E-02
 -1.3660E+00  7.7736E-02
 -1.3650E+00  7.8146E-02
 -1.3640E+00  7.8559E-02
 -1.3630E+00  7.8974E-02
 -1.3620E+00  7.9392E-02
 -1.3610E+00  7.9812E-02
 -1.3600E+00  8.0236E-02
 -1.3590E+00  8.0661E-02
 -1.3580E+00  8.1090E-02
 -1.3570E+00  8.1521E-02
 -1.3560E+00  8.1955E-02
 -1.3550E+00  8.2392E-02
 -1.3540E+00  8.2831E-02
 -1.3530E+00  8.3273E-02
 -1.3520E+00  8.3718E-02
 -1.3510E+00  8.4166E-02
 -1.3500E+00  8.4617E-02
 -1.3490E+00  8.5070E-02
 -1.3480E+00  8.5527E-02
 -1.3470E+00  8.5986E-02
 -1.3460E+00  8.6448E-02
 -1.3450E+00  8.6913E-02
 -1.3440E+00  8.7381E-02
 -1.3430E+00  8.7852E-02
 -1.3420E+00  8.8326E-02
 -1.3410E+00  8.8803E-02
 -1.3400E+00  8.9284E-02
 -1.3390E+00  8.9767E-02
 -1.3380E+00  9.0253E-02
 -1.3370E+00  9.0742E-02
 -1.3360E+00  9.1235E-02
 -1.3350E+00  9.1731E-02
 -1.3340E+00  9.2229E-02
 -1.3330E+00  9.2731E-02
 -1.3320E+00  9.3237E-02
 -1.3310E+00  9.3745E-02
 -1.3300E+00  9.4257E-02
 -1.3290E+00  9.4772E-02
 -1.3280E+00  9.5291E-02
 -1.3270E+00  9.5812E-02
 -1.3260E+00  9.6337E-02
 -1.3250E+00  9.6866E-02
 -1.3240E+00  9.7398E-02
 -1.3230E+00  9.7933E-02
 -1.3220E+00  9.8472E-02
 -1.3210E+00  9.9014E-02
 -1.3200E+00  9.9560E-02
 -1.3190E+00  1.0011E-01
 -1.3180E+00  1.0066E-01
 -1.3170E+00  1.0122E-01
 -1.3160E+00  1.0178E-01
 -1.3150E+00  1.0234E-01
 -1.3140E+00  1.0291E-01
 -1.3130E+00  1.0348E-01
 -1.3120E+00  1.0406E-01
 -1.3110E+00  1.0464E-01
 -1.3100E+00  1.0522E-01
 -1.3090E+00  1.0580E-01
 -1.3080E+00  1.0639E-01
 -1.3070E+00  1.0699E-01
 -1.3060E+00  1.0759E-01
 -1.3050E+00  1.0819E-01
 -1.3040E+00  1.0879E-01
 -1.3030E+00  1.0940E-01
 -1.3020E+00  1.1002E-01
 -1.3010E+00  1.1063E-01
 -1.3000E+00  1.1126E-01
 -1.2990E+00  1.1188E-01
 -1.2980E+00  1.1251E-01
 -1.2970E+00  1.1315E-01
 -1.2960E+00  1.1379E-01
 -1.2950E+00  1.1443E-01
 -1.2940E+00  1.1508E-01
 -1.2930E+00  1.1573E-01
 -1.2920E+00  1.1638E-01
 -1.2910E+00  1.1704E-01
 -1.2900E+00  1.1771E-01
 -1.2890E+00  1.1838E-01
 -1.2880E+00  1.1905E-01
 -1.2870E+00  1.1973E-01
 -1.2860E+00  1.2041E-01
 -1.2850E+00  1.2110E-01
 -1.2840E+00  1.2179E-01
 -1.2830E+00  1.2248E-01
 -1.2820E+00  1.2319E-01
 -1.2810E+00  1.2389E-01
 -1.2800E+00  1.2460E-01
 -1.2790E+00  1.2532E-01
 -1.2780E+00  1.2604E-01
 -1.2770E+00  1.2676E-01
 -1.2760E+00  1.2749E-01
 -1.2750E+00  1.2823E-01
 -1.2740E+00  1.2897E-01
 -1.2730E+00  1.2971E-01
 -1.2720E+00  1.3046E-01
 -1.2710E+00  1.3122E-01
 -1.2700E+00  1.3198E-01
 -1.2690E+00  1.3274E-01
 -1.2680E+00  1.3351E-01
 -1.2670E+00  1.3429E-01
 -1.2660E+00  1.3507E-01
 -1.2650E+00  1.3585E-01
 -1.2640E+00  1.3665E-01
 -1.2630E+00  1.3744E-01
 -1.2620E+00  1.3825E-01
 -1.2610E+00  1.3905E-01
 -1.2600E+00  1.3987E-01
 -1.2590E+00  1.4069E-01
 -1.2580E+00  1.4151E-01
 -1.2570E+00  1.4234E-01
 -1.2560E+00  1.4318E-01
 -1.2550E+00  1.4402E-01
 -1.2540E+00  1.4487E-01
 -1.2530E+00  1.4572E-01
 -1.2520E+00  1.4658E-01
 -1.2510E+00  1.4745E-01
 -1.2500E+00  1.4832E-01
 -1.2490E+00  1.4920E-01
 -1.2480E+00  1.5009E-01
 -1.2470E+00  1.5098E-01
 -1.2460E+00  1.5187E-01
 -1.2450E+00  1.5278E-01
 -1.2440E+00  1.5368E-01
 -1.2430E+00  1.5460E-01
 -1.2420E+00  1.5552E-01
 -1.2410E+00  1.5645E-01
 -1.2400E+00  1.5739E-01
 -1.2390E+00  1.5833E-01
 -1.2380E+00  1.5928E-01
 -1.2370E+00  1.6023E-01
 -1.2360E+00  1.6119E-01
 -1.2350E+00  1.6216E-01
 -1.2340E+00  1.6314E-01
 -1.2330E+00  1.6412E-01
 -1.2320E+00  1.6511E-01
 -1.2310E+00  1.6611E-01
 -1.2300E+00  1.6711E-01
 -1.2290E+00  1.6812E-01
 -1.2280E+00  1.6914E-01
 -1.2270E+00  1.7017E-01
 -1.2260E+00  1.7120E-01
 -1.2250E+00  1.7224E-01
 -1.2240E+00  1.7329E-01
 -1.2230E+00  1.7434E-01
 -1.2220E+00  1.7541E-01
 -1.2210E+00  1.7648E-01
 -1.2200E+00  1.7756E-01
 -1.2190E+00  1.7864E-01
 -1.2180E+00  1.7974E-01
 -1.2170E+00  1.8084E-01
 -1.2160E+00  1.8195E-01
 -1.2150E+00  1.8307E-01
 -1.2140E+00  1.8420E-01
 -1.2130E+00  1.8533E-01
 -1.2120E+00  1.8647E-01
 -1.2110E+00  1.8763E-01
 -1.2100E+00  1.8879E-01
 -1.2090E+00  1.8996E-01
 -1.2080E+00  1.9113E-01
 -1.2070E+00  1.9232E-01
 -1.2060E+00  1.9351E-01
 -1.2050E+00  1.9472E-01
 -1.2040E+00  1.9593E-01
 -1.2030E+00  1.9715E-01
 -1.2020E+00  1.9838E-01
 -1.2010E+00  1.9962E-01
 -1.2000E+00  2.0087E-01
 -1.1990E+00  2.0213E-01
 -1.1980E+00  2.0340E-01
 -1.1970E+00  2.0468E-01
 -1.1960E+00  2.0597E-01
 -1.1950E+00  2.0726E-01
 -1.1940E+00  2.0857E-01
 -1.1930E+00  2.0989E-01
 -1.1920E+00  2.1121E-01
 -1.1910E+00  2.1255E-01
 -1.1900E+00  2.1390E-01
 -1.1890E+00  2.1525E-01
 -1.1880E+00  2.1662E-01
 -1.1870E+00  2.1800E-01
 -1.1860E+00  2.1939E-01
 -1.1850E+00  2.2079E-01
 -1.1840E+00  2.2220E-01
 -1.1830E+00  2.2362E-01
 -1.1820E+00  2.2505E-01
 -1.1810E+00  2.2649E-01
 -1.1800E+00  2.2795E-01
 -1.1790E+00  2.2941E-01
 -1.1780E+00  2.3089E-01
 -1.1770E+00  2.3238E-01
 -1.1760E+00  2.3388E-01
 -1.1750E+00  2.3539E-01
 -1.1740E+00  2.3691E-01
 -1.1730E+00  2.3845E-01
 -1.1720E+00  2.3999E-01
 -1.1710E+00  2.4155E-01
 -1.1700E+00  2.4313E-01
 -1.1690E+00  2.4471E-01
 -1.1680E+00  2.4631E-01
 -1.1670E+00  2.4792E-01
 -1.1660E+00  2.4954E-01
 -1.1650E+00  2.5117E-01
 -1.1640E+00  2.5282E-01
 -1.1630E+00  2.5448E-01
 -1.1620E+00  2.5616E-01
 -1.1610E+00  2.5784E-01
 -1.1600E+00  2.5954E-01
 -1.1590E+00  2.6126E-01
 -1.1580E+00  2.6299E-01
 -1.1570E+00  2.6473E-01
 -1.1560E+00  2.6649E-01
 -1.1550E+00  2.6826E-01
 -1.1540E+00  2.7004E-01
 -1.1530E+00  2.7184E-01
 -1.1520E+00  2.7366E-01
 -1.1510E+00  2.7549E-01
 -1.1500E+00  2.7733E-01
 -1.1490E+00  2.7919E-01
 -1.1480E+00  2.8106E-01
 -1.1470E+00  2.8295E-01
 -1.1460E+00  2.8486E-01
 -1.1450E+00  2.8678E-01
 -1.1440E+00  2.8871E-01
 -1.1430E+00  2.9067E-01
 -1.1420E+00  2.9263E-01
 -1.1410E+00  2.9462E-01
 -1.1400E+00  2.9662E-01
 -1.1390E+00  2.9864E-01
 -1.1380E+00  3.0067E-01
 -1.1370E+00  3.0272E-01
 -1.1360E+00  3.0479E-01
 -1.1350E+00  3.0688E-01
 -1.1340E+00  3.0898E-01
 -1.1330E+00  3.1110E-01
 -1.1320E+00  3.1324E-01
 -1.1310E+00  3.1540E-01
 -1.1300E+00  3.1757E-01
 -1.1290E+00  3.1977E-01
 -1.1280E+00  3.2198E-01
 -1.1270E+00  3.2421E-01
 -1.1260E+00  3.2646E-01
 -1.1250E+00  3.2872E-01
 -1.1240E+00  3.3101E-01
 -1.1230E+00  3.3332E-01
 -1.1220E+00  3.3565E-01
 -1.1210E+00  3.3799E-01
 -1.1200E+00  3.4036E-01
 -1.1190E+00  3.4274E-01
 -1.1180E+00  3.4515E-01
 -1.1170E+00  3.4758E-01
 -1.1160E+00  3.5003E-01
 -1.1150E+00  3.5249E-01
 -1.1140E+00  3.5498E-01
 -1.1130E+00  3.5750E-01
 -1.1120E+00  3.6003E-01
 -1.1110E+00  3.6258E-01
 -1.1100E+00  3.6516E-01
 -1.1090E+00  3.6776E-01
 -1.1080E+00  3.7038E-01
 -1.1070E+00  3.7303E-01
 -1.1060E+00  3.7569E-01
 -1.1050E+00  3.7838E-01
 -1.1040E+00  3.8110E-01
 -1.1030E+00  3.8383E-01
 -1.1020E+00  3.8659E-01
 -1.1010E+00  3.8938E-01
 -1.1000E+00  3.9219E-01
 -1.0990E+00  3.9502E-01
 -1.0980E+00  3.9788E-01
 -1.0970E+00  4.0076E-01
 -1.0960E+00  4.0366E-01
 -1.0950E+00  4.0660E-01
 -1.0940E+00  4.0955E-01
 -1.0930E+00  4.1254E-01
 -1.0920E+00  4.1555E-01
 -1.0910E+00  4.1858E-01
 -1.0900E+00  4.2164E-01
 -1.0890E+00  4.2473E-01
 -1.0880E+00  4.2785E-01
 -1.0870E+00  4.3099E-01
 -1.0860E+00  4.3416E-01
 -1.0850E+00  4.3736E-01
 -1.0840E+00  4.4058E-01
 -1.0830E+00  4.4383E-01
 -1.0820E+00  4.4711E-01
 -1.0810E+00  4.5042E-01
 -1.0800E+00  4.5376E-01
 -1.0790E+00  4.5712E-01
 -1.0780E+00  4.6052E-01
 -1.0770E+00  4.6394E-01
 -1.0760E+00  4.6740E-01
 -1.0750E+00  4.7088E-01
 -1.0740E+00  4.7439E-01
 -1.0730E+00  4.7794E-01
 -1.0720E+00  4.8151E-01
 -1.0710E+00  4.8511E-01
 -1.0700E+00  4.8875E-01
 -1.0690E+00  4.9241E-01
 -1.0680E+00  4.9611E-01
 -1.0670E+00  4.9984E-01
 -1.0660E+00  5.0359E-01
 -1.0650E+00  5.0738E-01
 -1.0640E+00  5.1121E-01
 -1.0630E+00  5.1506E-01
 -1.0620E+00  5.1895E-01
 -1.0610E+00  5.2287E-01
 -1.0600E+00  5.2682E-01
 -1.0590E+00  5.3080E-01
 -1.0580E+00  5.3482E-01
 -1.0570E+00  5.3887E-01
 -1.0560E+00  5.4295E-01
 -1.0550E+00  5.4707E-01
 -1.0540E+00  5.5122E-01
 -1.0530E+00  5.5540E-01
 -1.0520E+00  5.5962E-01
 -1.0510E+00  5.6387E-01
 -1.0500E+00  5.6816E-01
 -1.0490E+00  5.7248E-01
 -1.0480E+00  5.7683E-01
 -1.0470E+00  5.8122E-01
 -1.0460E+00  5.8564E-01
 -1.0450E+00  5.9010E-01
 -1.0440E+00  5.9459E-01
 -1.0430E+00  5.9912E-01
 -1.0420E+00  6.0368E-01
 -1.0410E+00  6.0827E-01
 -1.0400E+00  6.1290E-01
 -1.0390E+00  6.1757E-01
 -1.0380E+00  6.2227E-01
 -1.0370E+00  6.2700E-01
 -1.0360E+00  6.3177E-01
 -1.0350E+00  6.3658E-01
 -1.0340E+00  6.4141E-01
 -1.0330E+00  6.4629E-01
 -1.0320E+00  6.5120E-01
 -1.0310E+00  6.5614E-01
 -1.0300E+00  6.6112E-01
 -1.0290E+00  6.6613E-01
 -1.0280E+00  6.7117E-01
 -1.0270E+00  6.7625E-01
 -1.0260E+00  6.8137E-01
 -1.0250E+00  6.8651E-01
 -1.0240E+00  6.9169E-01
 -1.0230E+00  6.9691E-01
 -1.0220E+00  7.0215E-01
 -1.0210E+00  7.0743E-01
 -1.0200E+00  7.1275E-01
 -1.0190E+00  7.1809E-01
 -1.0180E+00  7.2347E-01
 -1.0170E+00  7.2887E-01
 -1.0160E+00  7.3431E-01
 -1.0150E+00  7.3978E-01
 -1.0140E+00  7.4528E-01
 -1.0130E+00  7.5081E-01
 -1.0120E+00  7.5637E-01
 -1.0110E+00  7.6196E-01
 -1.0100E+00  7.6757E-01
 -1.0090E+00  7.7322E-01
 -1.0080E+00  7.7889E-01
 -1.0070E+00  7.8458E-01
 -1.0060E+00  7.9031E-01
 -1.0050E+00  7.9605E-01
 -1.0040E+00  8.0182E-01
 -1.0030E+00  8.0762E-01
 -1.0020E+00  8.1343E-01
 -1.0010E+00  8.1927E-01
 -1.0000E+00  8.2513E-01
 -9.9900E-01  8.3100E-01
 -9.9800E-01  8.3690E-01
 -9.9700E-01  8.4281E-01
 -9.9600E-01  8.4874E-01
 -9.9500E-01  8.5468E-01
 -9.9400E-01  8.6064E-01
 -9.9300E-01  8.6661E-01
 -9.9200E-01  8.7259E-01
 -9.9100E-01  8.7857E-01
 -9.9000E-01  8.8457E-01
 -9.8900E-01  8.9057E-01
 -9.8800E-01  8.9658E-01
 -9.8700E-01  9.0259E-01
 -9.8600E-01  9.0860E-01
 -9.8500E-01  9.1461E-01
 -9.8400E-01  9.2062E-01
 -9.8300E-01  9.2662E-01
 -9.8200E-01  9.3262E-01
 -9.8100E-01  9.3861E-01
 -9.8000E-01  9.4458E-01
 -9.7900E-01  9.5055E-01
 -9.7800E-01  9.5650E-01
 -9.7700E-01  9.6243E-01
 -9.7600E-01  9.6835E-01
 -9.7500E-01  9.7424E-01
 -9.7400E-01  9.8011E-01
 -9.7300E-01  9.8595E-01
 -9.7200E-01  9.9176E-01
 -9.7100E-01  9.9754E-01
 -9.7000E-01  1.0033E+00
 -9.6900E-01  1.0090E+00
 -9.6800E-01  1.0147E+00
 -9.6700E-01  1.0203E+00
 -9.6600E-01  1.0259E+00
 -9.6500E-01  1.0314E+00
 -9.6400E-01  1.0369E+00
 -9.6300E-01  1.0424E+00
 -9.6200E-01  1.0478E+00
 -9.6100E-01  1.0531E+00
 -9.6000E-01  1.0584E+00
 -9.5900E-01  1.0636E+00
 -9.5800E-01  1.0687E+00
 -9.5700E-01  1.0738E+00
 -9.5600E-01  1.0788E+00
 -9.5500E-01  1.0838E+00
 -9.5400E-01  1.0887E+00
 -9.5300E-01  1.0935E+00
 -9.5200E-01  1.0982E+00
 -9.5100E-01  1.1028E+00
 -9.5000E-01  1.1074E+00
 -9.4900E-01  1.1119E+00
 -9.4800E-01  1.1163E+00
 -9.4700E-01  1.1207E+00
 -9.4600E-01  1.1249E+00
 -9.4500E-01  1.1291E+00
 -9.4400E-01  1.1332E+00
 -9.4300E-01  1.1371E+00
 -9.4200E-01  1.1411E+00
 -9.4100E-01  1.1449E+00
 -9.4000E-01  1.1486E+00
 -9.3900E-01  1.1523E+00
 -9.3800E-01  1.1558E+00
 -9.3700E-01  1.1593E+00
 -9.3600E-01  1.1627E+00
 -9.3500E-01  1.1660E+00
 -9.3400E-01  1.1692E+00
 -9.3300E-01  1.1723E+00
 -9.3200E-01  1.1754E+00
 -9.3100E-01  1.1783E+00
 -9.3000E-01  1.1812E+00
 -9.2900E-01  1.1840E+00
 -9.2800E-01  1.1867E+00
 -9.2700E-01  1.1894E+00
 -9.2600E-01  1.1919E+00
 -9.2500E-01  1.1944E+00
 -9.2400E-01  1.1968E+00
 -9.2300E-01  1.1991E+00
 -9.2200E-01  1.2014E+00
 -9.2100E-01  1.2035E+00
 -9.2000E-01  1.2057E+00
 -9.1900E-01  1.2077E+00
 -9.1800E-01  1.2097E+00
 -9.1700E-01  1.2116E+00
 -9.1600E-01  1.2134E+00
 -9.1500E-01  1.2152E+00
 -9.1400E-01  1.2169E+00
 -9.1300E-01  1.2186E+00
 -9.1200E-01  1.2202E+00
 -9.1100E-01  1.2217E+00
 -9.1000E-01  1.2232E+00
 -9.0900E-01  1.2246E+00
 -9.0800E-01  1.2260E+00
 -9.0700E-01  1.2273E+00
 -9.0600E-01  1.2286E+00
 -9.0500E-01  1.2298E+00
 -9.0400E-01  1.2310E+00
 -9.0300E-01  1.2322E+00
 -9.0200E-01  1.2333E+00
 -9.0100E-01  1.2343E+00
 -9.0000E-01  1.2353E+00
 -8.9900E-01  1.2363E+00
 -8.9800E-01  1.2373E+00
 -8.9700E-01  1.2382E+00
 -8.9600E-01  1.2390E+00
 -8.9500E-01  1.2399E+00
 -8.9400E-01  1.2407E+00
 -8.9300E-01  1.2414E+00
 -8.9200E-01  1.2422E+00
 -8.9100E-01  1.2429E+00
 -8.9000E-01  1.2436E+00
 -8.8900E-01  1.2442E+00
 -8.8800E-01  1.2448E+00
 -8.8700E-01  1.2454E+00
 -8.8600E-01  1.2460E+00
 -8.8500E-01  1.2466E+00
 -8.8400E-01  1.2471E+00
 -8.8300E-01  1.2476E+00
 -8.8200E-01  1.2481E+00
 -8.8100E-01  1.2486E+00
 -8.8000E-01  1.2490E+00
 -8.7900E-01  1.2495E+00
 -8.7800E-01  1.2499E+00
 -8.7700E-01  1.2503E+00
 -8.7600E-01  1.2506E+00
 -8.7500E-01  1.2510E+00
 -8.7400E-01  1.2514E+00
 -8.7300E-01  1.2517E+00
 -8.7200E-01  1.2520E+00
 -8.7100E-01  1.2523E+00
 -8.7000E-01  1.2526E+00
 -8.6900E-01  1.2529E+00
 -8.6800E-01  1.2532E+00
 -8.6700E-01  1.2534E+00
 -8.6600E-01  1.2537E+00
 -8.6500E-01  1.2539E+00
 -8.6400E-01  1.2541E+00
 -8.6300E-01  1.2544E+00
 -8.6200E-01  1.2546E+00
 -8.6100E-01  1.2548E+00
 -8.6000E-01  1.2550E+00
 -8.5900E-01  1.2552E+00
 -8.5800E-01  1.2553E+00
 -8.5700E-01  1.2555E+00
 -8.5600E-01  1.2557E+00
 -8.5500E-01  1.2558E+00
 -8.5400E-01  1.2560E+00
 -8.5300E-01  1.2561E+00
 -8.5200E-01  1.2562E+00
 -8.5100E-01  1.2564E+00
 -8.5000E-01  1.2565E+00
 -8.4900E-01  1.2566E+00
 -8.4800E-01  1.2567E+00
 -8.4700E-01  1.2568E+00
 -8.4600E-01  1.2570E+00
 -8.4500E-01  1.2571E+00
 -8.4400E-01  1.2571E+00
 -8.4300E-01  1.2572E+00
 -8.4200E-01  1.2573E+00
 -8.4100E-01  1.2574E+00
 -8.4000E-01  1.2575E+00
 -8.3900E-01  1.2576E+00
 -8.3800E-01  1.2576E+00
 -8.3700E-01  1.2577E+00
 -8.3600E-01  1.2578E+00
 -8.3500E-01  1.2579E+00
 -8.3400E-01  1.2579E+00
 -8.3300E-01  1.2580E+00
 -8.3200E-01  1.2580E+00
 -8.3100E-01  1.2581E+00
 -8.3000E-01  1.2581E+00
 -8.2900E-01  1.2582E+00
 -8.2800E-01  1.2582E+00
 -8.2700E-01  1.2583E+00
 -8.2600E-01  1.2583E+00
 -8.2500E-01  1.2584E+00
 -8.2400E-01  1.2584E+00
 -8.2300E-01  1.2585E+00
 -8.2200E-01  1.2585E+00
 -8.2100E-01  1.2585E+00
 -8.2000E-01  1.2586E+00
 -8.1900E-01  1.2586E+00
 -8.1800E-01  1.2586E+00
 -8.1700E-01  1.2587E+00
 -8.1600E-01  1.2587E+00
 -8.1500E-01  1.2587E+00
 -8.1400E-01  1.2587E+00
 -8.1300E-01  1.2588E+00
 -8.1200E-01  1.2588E+00
 -8.1100E-01  1.2588E+00
 -8.1000E-01  1.2588E+00
 -8.0900E-01  1.2589E+00
 -8.0800E-01  1.2589E+00
 -8.0700E-01  1.2589E+00
 -8.0600E-01  1.2589E+00
 -8.0500E-01  1.2589E+00
 -8.0400E-01  1.2590E+00
 -8.0300E-01  1.2590E+00
 -8.0200E-01  1.2590E+00
 -8.0100E-01  1.2590E+00
 -8.0000E-01  1.2590E+00
 -7.9900E-01  1.2590E+00
 -7.9800E-01  1.2591E+00
 -7.9700E-01  1.2591E+00
 -7.9600E-01  1.2591E+00
 -7.9500E-01  1.2591E+00
 -7.9400E-01  1.2591E+00
 -7.9300E-01  1.2591E+00
 -7.9200E-01  1.2591E+00
 -7.9100E-01  1.2591E+00
 -7.9000E-01  1.2591E+00
 -7.8900E-01  1.2592E+00
 -7.8800E-01  1.2592E+00
 -7.8700E-01  1.2592E+00
 -7.8600E-01  1.2592E+00
 -7.8500E-01  1.2592E+00
 -7.8400E-01  1.2592E+00
 -7.8300E-01  1.2592E+00
 -7.8200E-01  1.2592E+00
 -7.8100E-01  1.2592E+00
 -7.8000E-01  1.2592E+00
 -7.7900E-01  1.2592E+00
 -7.7800E-01  1.2592E+00
 -7.7700E-01  1.2592E+00
 -7.7600E-01  1.2593E+00
 -7.7500E-01  1.2593E+00
 -7.7400E-01  1.2593E+00
 -7.7300E-01  1.2593E+00
 -7.7200E-01  1.2593E+00
 -7.7100E-01  1.2593E+00
 -7.7000E-01  1.2593E+00
 -7.6900E-01  1.2593E+00
 -7.6800E-01  1.2593E+00
 -7.6700E-01  1.2593E+00
 -7.6600E-01  1.2593E+00
 -7.6500E-01  1.2593E+00
 -7.6400E-01  1.2593E+00
 -7.6300E-01  1.2593E+00
 -7.6200E-01  1.2593E+00
 -7.6100E-01  1.2593E+00
 -7.6000E-01  1.2593E+00
 -7.5900E-01  1.2593E+00
 -7.5800E-01  1.2593E+00
 -7.5700E-01  1.2593E+00
 -7.5600E-01  1.2593E+00
 -7.5500E-01  1.2593E+00
 -7.5400E-01  1.2593E+00
 -7.5300E-01  1.2593E+00
 -7.5200E-01  1.2593E+00
 -7.5100E-01  1.2593E+00
 -7.5000E-01  1.2594E+00
 -7.4900E-01  1.2594E+00
 -7.4800E-01  1.2594E+00
 -7.4700E-01  1.2594E+00
 -7.4600E-01  1.2594E+00
 -7.4500E-01  1.2594E+00
 -7.4400E-01  1.2594E+00
 -7.4300E-01  1.2594E+00
 -7.4200E-01  1.2594E+00
 -7.4100E-01  1.2594E+00
 -7.4000E-01  1.2594E+00
 -7.3900E-01  1.2594E+00
 -7.3800E-01  1.2594E+00
 -7.3700E-01  1.2594E+00
 -7.3600E-01  1.2594E+00
 -7.3500E-01  1.2594E+00
 -7.3400E-01  1.2594E+00
 -7.3300E-01  1.2594E+00
 -7.3200E-01  1.2594E+00
 -7.3100E-01  1.2594E+00
 -7.3000E-01  1.2594E+00
 -7.2900E-01  1.2594E+00
 -7.2800E-01  1.2594E+00
 -7.2700E-01  1.2594E+00
 -7.2600E-01  1.2594E+00
 -7.2500E-01  1.2594E+00
 -7.2400E-01  1.2594E+00
 -7.2300E-01  1.2594E+00
 -7.2200E-01  1.2594E+00
 -7.2100E-01  1.2594E+00
 -7.2000E-01  1.2594E+00
 -7.1900E-01  1.2594E+00
 -7.1800E-01  1.2594E+00
 -7.1700E-01  1.2594E+00
 -7.1600E-01  1.2594E+00
 -7.1500E-01  1.2594E+00
 -7.1400E-01  1.2594E+00
 -7.1300E-01  1.2594E+00
 -7.1200E-01  1.2594E+00
 -7.1100E-01  1.2594E+00
 -7.1000E-01  1.2594E+00
 -7.0900E-01  1.2594E+00
 -7.0800E-01  1.2594E+00
 -7.0700E-01  1.2594E+00
 -7.0600E-01  1.2594E+00
 -7.0500E-01  1.2594E+00
 -7.0400E-01  1.2594E+00
 -7.0300E-01  1.2594E+00
 -7.0200E-01  1.2594E+00
 -7.0100E-01  1.2594E+00
 -7.0000E-01  1.2594E+00
 -6.9900E-01  1.2594E+00
 -6.9800E-01  1.2594E+00
 -6.9700E-01  1.2594E+00
 -6.9600E-01  1.2594E+00
 -6.9500E-01  1.2594E+00
 -6.9400E-01  1.2594E+00
 -6.9300E-01  1.2594E+00
 -6.9200E-01  1.2594E+00
 -6.9100E-01  1.2594E+00
 -6.9000E-01  1.2594E+00
 -6.8900E-01  1.2594E+00
 -6.8800E-01  1.2594E+00
 -6.8700E-01  1.2594E+00
 -6.8600E-01  1.2594E+00
 -6.8500E-01  1.2594E+00
 -6.8400E-01  1.2594E+00
 -6.8300E-01  1.2594E+00
 -6.8200E-01  1.2594E+00
 -6.8100E-01  1.2594E+00
 -6.8000E-01  1.2594E+00
 -6.7900E-01  1.2594E+00
 -6.7800E-01  1.2594E+00
 -6.7700E-01  1.2594E+00
 -6.7600E-01  1.2594E+00
 -6.7500E-01  1.2594E+00
 -6.7400E-01  1.2594E+00
 -6.7300E-01  1.2594E+00
 -6.7200E-01  1.2594E+00
 -6.7100E-01  1.2594E+00
 -6.7000E-01  1.2594E+00
 -6.6900E-01  1.2594E+00
 -6.6800E-01  1.2594E+00
 -6.6700E-01  1.2594E+00
 -6.6600E-01  1.2594E+00
 -6.6500E-01  1.2594E+00
 -6.6400E-01  1.2595E+00
 -6.6300E-01  1.2595E+00
 -6.6200E-01  1.2595E+00
 -6.6100E-01  1.2595E+00
 -6.6000E-01  1.2595E+00
 -6.5900E-01  1.2595E+00
 -6.5800E-01  1.2595E+00
 -6.5700E-01  1.2595E+00
 -6.5600E-01  1.2595E+00
 -6.5500E-01  1.2595E+00
 -6.5400E-01  1.2595E+00
 -6.5300E-01  1.2595E+00
 -6.5200E-01  1.2595E+00
 -6.5100E-01  1.2595E+00
 -6.5000E-01  1.2595E+00
 -6.4900E-01  1.2595E+00
 -6.4800E-01  1.2595E+00
 -6.4700E-01  1.2595E+00
 -6.4600E-01  1.2595E+00
 -6.4500E-01  1.2595E+00
 -6.4400E-01  1.2595E+00
 -6.4300E-01  1.2595E+00
 -6.4200E-01  1.2595E+00
 -6.4100E-01  1.2595E+00
 -6.4000E-01  1.2595E+00
 -6.3900E-01  1.2595E+00
 -6.3800E-01  1.2595E+00
 -6.3700E-01  1.2595E+00
 -6.3600E-01  1.2595E+00
 -6.3500E-01  1.2595E+00
 -6.3400E-01  1.2595E+00
 -6.3300E-01  1.2595E+00
 -6.3200E-01  1.2595E+00
 -6.3100E-01  1.2595E+00
 -6.3000E-01  1.2595E+00
 -6.2900E-01  1.2595E+00
 -6.2800E-01  1.2595E+00
 -6.2700E-01  1.2595E+00
 -6.2600E-01  1.2595E+00
 -6.2500E-01  1.2595E+00
 -6.2400E-01  1.2595E+00
 -6.2300E-01  1.2595E+00
 -6.2200E-01  1.2595E+00
 -6.2100E-01  1.2595E+00
 -6.2000E-01  1.2595E+00
 -6.1900E-01  1.2595E+00
 -6.1800E-01  1.2595E+00
 -6.1700E-01  1.2595E+00
 -6.1600E-01  1.2595E+00
 -6.1500E-01  1.2595E+00
 -6.1400E-01  1.2595E+00
 -6.1300E-01  1.2595E+00
 -6.1200E-01  1.2595E+00
 -6.1100E-01  1.2595E+00
 -6.1000E-01  1.2595E+00
 -6.0900E-01  1.2595E+00
 -6.0800E-01  1.2595E+00
 -6.0700E-01  1.2595E+00
 -6.0600E-01  1.2595E+00
 -6.0500E-01  1.2595E+00
 -6.0400E-01  1.2595E+00
 -6.0300E-01  1.2595E+00
 -6.0200E-01  1.2595E+00
 -6.0100E-01  1.2595E+00
 -6.0000E-01  1.2595E+00
 -5.9900E-01  1.2595E+00
 -5.9800E-01  1.2595E+00
 -5.9700E-01  1.2595E+00
 -5.9600E-01  1.2595E+00
 -5.9500E-01  1.2595E+00
 -5.9400E-01  1.2595E+00
 -5.9300E-01  1.2595E+00
 -5.9200E-01  1.2595E+00
 -5.9100E-01  1.2595E+00
 -5.9000E-01  1.2595E+00
 -5.8900E-01  1.2595E+00
 -5.8800E-01  1.2595E+00
 -5.8700E-01  1.2595E+00
 -5.8600E-01  1.2595E+00
 -5.8500E-01  1.2595E+00
 -5.8400E-01  1.2595E+00
 -5.8300E-01  1.2595E+00
 -5.8200E-01  1.2595E+00
 -5.8100E-01  1.2595E+00
 -5.8000E-01  1.2595E+00
 -5.7900E-01  1.2595E+00
 -5.7800E-01  1.2595E+00
 -5.7700E-01  1.2595E+00
 -5.7600E-01  1.2595E+00
 -5.7500E-01  1.2595E+00
 -5.7400E-01  1.2595E+00
 -5.7300E-01  1.2595E+00
 -5.7200E-01  1.2595E+00
 -5.7100E-01  1.2595E+00
 -5.7000E-01  1.2595E+00
 -5.6900E-01  1.2595E+00
 -5.6800E-01  1.2595E+00
 -5.6700E-01  1.2595E+00
 -5.6600E-01  1.2595E+00
 -5.6500E-01  1.2595E+00
 -5.6400E-01  1.2595E+00
 -5.6300E-01  1.2595E+00
 -5.6200E-01  1.2595E+00
 -5.6100E-01  1.2595E+00
 -5.6000E-01  1.2595E+00
 -5.5900E-01  1.2595E+00
 -5.5800E-01  1.2595E+00
 -5.5700E-01  1.2595E+00
 -5.5600E-01  1.2595E+00
 -5.5500E-01  1.2595E+00
 -5.5400E-01  1.2595E+00
 -5.5300E-01  1.2595E+00
 -5.5200E-01  1.2595E+00
 -5.5100E-01  1.2595E+00
 -5.5000E-01  1.2595E+00
 -5.4900E-01  1.2595E+00
 -5.4800E-01  1.2595E+00
 -5.4700E-01  1.2595E+00
 -5.4600E-01  1.2595E+00
 -5.4500E-01  1.2595E+00
 -5.4400E-01  1.2595E+00
 -5.4300E-01  1.2595E+00
 -5.4200E-01  1.2595E+00
 -5.4100E-01  1.2595E+00
 -5.4000E-01  1.2595E+00
 -5.3900E-01  1.2595E+00
 -5.3800E-01  1.2595E+00
 -5.3700E-01  1.2595E+00
 -5.3600E-01  1.2595E+00
 -5.3500E-01  1.2595E+00
 -5.3400E-01  1.2595E+00
 -5.3300E-01  1.2595E+00
 -5.3200E-01  1.2595E+00
 -5.3100E-01  1.2595E+00
 -5.3000E-01  1.2595E+00
 -5.2900E-01  1.2595E+00
 -5.2800E-01  1.2595E+00
 -5.2700E-01  1.2595E+00
 -5.2600E-01  1.2595E+00
 -5.2500E-01  1.2595E+00
 -5.2400E-01  1.2595E+00
 -5.2300E-01  1.2595E+00
 -5.2200E-01  1.2595E+00
 -5.2100E-01  1.2595E+00
 -5.2000E-01  1.2595E+00
 -5.1900E-01  1.2595E+00
 -5.1800E-01  1.2595E+00
 -5.1700E-01  1.2595E+00
 -5.1600E-01  1.2595E+00
 -5.1500E-01  1.2595E+00
 -5.1400E-01  1.2595E+00
 -5.1300E-01  1.2595E+00
 -5.1200E-01  1.2595E+00
 -5.1100E-01  1.2595E+00
 -5.1000E-01  1.2595E+00
 -5.0900E-01  1.2595E+00
 -5.0800E-01  1.2595E+00
 -5.0700E-01  1.2595E+00
 -5.0600E-01  1.2595E+00
 -5.0500E-01  1.2595E+00
 -5.0400E-01  1.2595E+00
 -5.0300E-01  1.2595E+00
 -5.0200E-01  1.2595E+00
 -5.0100E-01  1.2595E+00
 -5.0000E-01  1.2595E+00
 -4.9900E-01  1.2595E+00
 -4.9800E-01  1.2595E+00
 -4.9700E-01  1.2595E+00
 -4.9600E-01  1.2595E+00
 -4.9500E-01  1.2595E+00
 -4.9400E-01  1.2595E+00
 -4.9300E-01  1.2595E+00
 -4.9200E-01  1.2595E+00
 -4.9100E-01  1.2595E+00
 -4.9000E-01  1.2595E+00
 -4.8900E-01  1.2595E+00
 -4.8800E-01  1.2595E+00
 -4.8700E-01  1.2595E+00
 -4.8600E-01  1.2595E+00
 -4.8500E-01  1.2595E+00
 -4.8400E-01  1.2595E+00
 -4.8300E-01  1.2595E+00
 -4.8200E-01  1.2595E+00
 -4.8100E-01  1.2595E+00
 -4.8000E-01  1.2595E+00
 -4.7900E-01  1.2595E+00
 -4.7800E-01  1.2595E+00
 -4.7700E-01  1.2595E+00
 -4.7600E-01  1.2595E+00
 -4.7500E-01  1.2595E+00
 -4.7400E-01  1.2595E+00
 -4.7300E-01  1.2595E+00
 -4.7200E-01  1.2595E+00
 -4.7100E-01  1.2595E+00
 -4.7000E-01  1.2595E+00
 -4.6900E-01  1.2595E+00
 -4.6800E-01  1.2595E+00
 -4.6700E-01  1.2595E+00
 -4.6600E-01  1.2595E+00
 -4.6500E-01  1.2595E+00
 -4.6400E-01  1.2595E+00
 -4.6300E-01  1.2595E+00
 -4.6200E-01  1.2595E+00
 -4.6100E-01  1.2595E+00
 -4.6000E-01  1.2595E+00
 -4.5900E-01  1.2595E+00
 -4.5800E-01  1.2595E+00
 -4.5700E-01  1.2595E+00
 -4.5600E-01  1.2595E+00
 -4.5500E-01  1.2595E+00
 -4.5400E-01  1.2595E+00
 -4.5300E-01  1.2595E+00
 -4.5200E-01  1.2595E+00
 -4.5100E-01  1.2595E+00
 -4.5000E-01  1.2595E+00
 -4.4900E-01  1.2595E+00
 -4.4800E-01  1.2595E+00
 -4.4700E-01  1.2595E+00
 -4.4600E-01  1.2595E+00
 -4.4500E-01  1.2595E+00
 -4.4400E-01  1.2595E+00
 -4.4300E-01  1.2595E+00
 -4.4200E-01  1.2595E+00
 -4.4100E-01  1.2595E+00
 -4.4000E-01  1.2595E+00
 -4.3900E-01  1.2595E+00
 -4.3800E-01  1.2595E+00
 -4.3700E-01  1.2595E+00
 -4.3600E-01  1.2595E+00
 -4.3500E-01  1.2595E+00
 -4.3400E-01  1.2595E+00
 -4.3300E-01  1.2595E+00
 -4.3200E-01  1.2595E+00
 -4.3100E-01  1.2595E+00
 -4.3000E-01  1.2595E+00
 -4.2900E-01  1.2595E+00
 -4.2800E-01  1.2595E+00
 -4.2700E-01  1.2595E+00
 -4.2600E-01  1.2595E+00
 -4.2500E-01  1.2595E+00
 -4.2400E-01  1.2595E+00
 -4.2300E-01  1.2595E+00
 -4.2200E-01  1.2595E+00
 -4.2100E-01  1.2595E+00
 -4.2000E-01  1.2595E+00
 -4.1900E-01  1.2595E+00
 -4.1800E-01  1.2595E+00
 -4.1700E-01  1.2595E+00
 -4.1600E-01  1.2595E+00
 -4.1500E-01  1.2595E+00
 -4.1400E-01  1.2595E+00
 -4.1300E-01  1.2595E+00
 -4.1200E-01  1.2595E+00
 -4.1100E-01  1.2595E+00
 -4.1000E-01  1.2595E+00
 -4.0900E-01  1.2595E+00
 -4.0800E-01  1.2595E+00
 -4.0700E-01  1.2595E+00
 -4.0600E-01  1.2595E+00
 -4.0500E-01  1.2595E+00
 -4.0400E-01  1.2595E+00
 -4.0300E-01  1.2595E+00
 -4.0200E-01  1.2595E+00
 -4.0100E-01  1.2595E+00
 -4.0000E-01  1.2595E+00
 -3.9900E-01  1.2595E+00
 -3.9800E-01  1.2595E+00
 -3.9700E-01  1.2595E+00
 -3.9600E-01  1.2595E+00
 -3.9500E-01  1.2595E+00
 -3.9400E-01  1.2595E+00
 -3.9300E-01  1.2595E+00
 -3.9200E-01  1.2595E+00
 -3.9100E-01  1.2595E+00
 -3.9000E-01  1.2595E+00
 -3.8900E-01  1.2595E+00
 -3.8800E-01  1.2595E+00
 -3.8700E-01  1.2595E+00
 -3.8600E-01  1.2595E+00
 -3.8500E-01  1.2595E+00
 -3.8400E-01  1.2595E+00
 -3.8300E-01  1.2595E+00
 -3.8200E-01  1.2595E+00
 -3.8100E-01  1.2595E+00
 -3.8000E-01  1.2595E+00
 -3.7900E-01  1.2595E+00
 -3.7800E-01  1.2595E+00
 -3.7700E-01  1.2595E+00
 -3.7600E-01  1.2595E+00
 -3.7500E-01  1.2595E+00
 -3.7400E-01  1.2595E+00
 -3.7300E-01  1.2595E+00
 -3.7200E-01  1.2595E+00
 -3.7100E-01  1.2595E+00
 -3.7000E-01  1.2595E+00
 -3.6900E-01  1.2595E+00
 -3.6800E-01  1.2595E+00
 -3.6700E-01  1.2595E+00
 -3.6600E-01  1.2595E+00
 -3.6500E-01  1.2595E+00
 -3.6400E-01  1.2595E+00
 -3.6300E-01  1.2595E+00
 -3.6200E-01  1.2595E+00
 -3.6100E-01  1.2595E+00
 -3.6000E-01  1.2595E+00
 -3.5900E-01  1.2595E+00
 -3.5800E-01  1.2595E+00
 -3.5700E-01  1.2595E+00
 -3.5600E-01  1.2594E+00
 -3.5500E-01  1.2594E+00
 -3.5400E-01  1.2594E+00
 -3.5300E-01  1.2594E+00
 -3.5200E-01  1.2594E+00
 -3.5100E-01  1.2594E+00
 -3.5000E-01  1.2594E+00
 -3.4900E-01  1.2594E+00
 -3.4800E-01  1.2594E+00
 -3.4700E-01  1.2594E+00
 -3.4600E-01  1.2594E+00
 -3.4500E-01  1.2594E+00
 -3.4400E-01  1.2594E+00
 -3.4300E-01  1.2594E+00
 -3.4200E-01  1.2594E+00
 -3.4100E-01  1.2594E+00
 -3.4000E-01  1.2594E+00
 -3.3900E-01  1.2594E+00
 -3.3800E-01  1.2594E+00
 -3.3700E-01  1.2594E+00
 -3.3600E-01  1.2594E+00
 -3.3500E-01  1.2594E+00
 -3.3400E-01  1.2594E+00
 -3.3300E-01  1.2594E+00
 -3.3200E-01  1.2594E+00
 -3.3100E-01  1.2594E+00
 -3.3000E-01  1.2594E+00
 -3.2900E-01  1.2594E+00
 -3.2800E-01  1.2594E+00
 -3.2700E-01  1.2594E+00
 -3.2600E-01  1.2594E+00
 -3.2500E-01  1.2594E+00
 -3.2400E-01  1.2594E+00
 -3.2300E-01  1.2594E+00
 -3.2200E-01  1.2594E+00
 -3.2100E-01  1.2594E+00
 -3.2000E-01  1.2594E+00
 -3.1900E-01  1.2594E+00
 -3.1800E-01  1.2594E+00
 -3.1700E-01  1.2594E+00
 -3.1600E-01  1.2594E+00
 -3.1500E-01  1.2594E+00
 -3.1400E-01  1.2594E+00
 -3.1300E-01  1.2594E+00
 -3.1200E-01  1.2594E+00
 -3.1100E-01  1.2594E+00
 -3.1000E-01  1.2594E+00
 -3.0900E-01  1.2594E+00
 -3.0800E-01  1.2594E+00
 -3.0700E-01  1.2594E+00
 -3.0600E-01  1.2594E+00
 -3.0500E-01  1.2594E+00
 -3.0400E-01  1.2594E+00
 -3.0300E-01  1.2594E+00
 -3.0200E-01  1.2594E+00
 -3.0100E-01  1.2594E+00
 -3.0000E-01  1.2594E+00
 -2.9900E-01  1.2594E+00
 -2.9800E-01  1.2594E+00
 -2.9700E-01  1.2594E+00
 -2.9600E-01  1.2594E+00
 -2.9500E-01  1.2594E+00
 -2.9400E-01  1.2594E+00
 -2.9300E-01  1.2594E+00
 -2.9200E-01  1.2594E+00
 -2.9100E-01  1.2594E+00
 -2.9000E-01  1.2594E+00
 -2.8900E-01  1.2594E+00
 -2.8800E-01  1.2594E+00
 -2.8700E-01  1.2594E+00
 -2.8600E-01  1.2594E+00
 -2.8500E-01  1.2594E+00
 -2.8400E-01  1.2594E+00
 -2.8300E-01  1.2594E+00
 -2.8200E-01  1.2594E+00
 -2.8100E-01  1.2594E+00
 -2.8000E-01  1.2594E+00
 -2.7900E-01  1.2594E+00
 -2.7800E-01  1.2594E+00
 -2.7700E-01  1.2594E+00
 -2.7600E-01  1.2594E+00
 -2.7500E-01  1.2594E+00
 -2.7400E-01  1.2594E+00
 -2.7300E-01  1.2594E+00
 -2.7200E-01  1.2594E+00
 -2.7100E-01  1.2594E+00
 -2.7000E-01  1.2594E+00
 -2.6900E-01  1.2594E+00
 -2.6800E-01  1.2594E+00
 -2.6700E-01  1.2594E+00
 -2.6600E-01  1.2594E+00
 -2.6500E-01  1.2594E+00
 -2.6400E-01  1.2594E+00
 -2.6300E-01  1.2594E+00
 -2.6200E-01  1.2594E+00
 -2.6100E-01  1.2594E+00
 -2.6000E-01  1.2594E+00
 -2.5900E-01  1.2594E+00
 -2.5800E-01  1.2594E+00
 -2.5700E-01  1.2594E+00
 -2.5600E-01  1.2594E+00
 -2.5500E-01  1.2594E+00
 -2.5400E-01  1.2594E+00
 -2.5300E-01  1.2594E+00
 -2.5200E-01  1.2594E+00
 -2.5100E-01  1.2594E+00
 -2.5000E-01  1.2594E+00
 -2.4900E-01  1.2594E+00
 -2.4800E-01  1.2593E+00
 -2.4700E-01  1.2593E+00
 -2.4600E-01  1.2593E+00
 -2.4500E-01  1.2593E+00
 -2.4400E-01  1.2593E+00
 -2.4300E-01  1.2593E+00
 -2.4200E-01  1.2593E+00
 -2.4100E-01  1.2593E+00
 -2.4000E-01  1.2593E+00
 -2.3900E-01  1.2593E+00
 -2.3800E-01  1.2593E+00
 -2.3700E-01  1.2593E+00
 -2.3600E-01  1.2593E+00
 -2.3500E-01  1.2593E+00
 -2.3400E-01  1.2593E+00
 -2.3300E-01  1.2593E+00
 -2.3200E-01  1.2593E+00
 -2.3100E-01  1.2593E+00
 -2.3000E-01  1.2593E+00
 -2.2900E-01  1.2593E+00
 -2.2800E-01  1.2593E+00
 -2.2700E-01  1.2593E+00
 -2.2600E-01  1.2593E+00
 -2.2500E-01  1.2593E+00
 -2.2400E-01  1.2593E+00
 -2.2300E-01  1.2593E+00
 -2.2200E-01  1.2593E+00
 -2.2100E-01  1.2593E+00
 -2.2000E-01  1.2593E+00
 -2.1900E-01  1.2593E+00
 -2.1800E-01  1.2593E+00
 -2.1700E-01  1.2593E+00
 -2.1600E-01  1.2593E+00
 -2.1500E-01  1.2593E+00
 -2.1400E-01  1.2593E+00
 -2.1300E-01  1.2593E+00
 -2.1200E-01  1.2593E+00
 -2.1100E-01  1.2593E+00
 -2.1000E-01  1.2593E+00
 -2.0900E-01  1.2593E+00
 -2.0800E-01  1.2593E+00
 -2.0700E-01  1.2593E+00
 -2.0600E-01  1.2593E+00
 -2.0500E-01  1.2593E+00
 -2.0400E-01  1.2593E+00
 -2.0300E-01  1.2593E+00
 -2.0200E-01  1.2592E+00
 -2.0100E-01  1.2592E+00
 -2.0000E-01  1.2592E+00
 -1.9900E-01  1.2592E+00
 -1.9800E-01  1.2592E+00
 -1.9700E-01  1.2592E+00
 -1.9600E-01  1.2592E+00
 -1.9500E-01  1.2592E+00
 -1.9400E-01  1.2592E+00
 -1.9300E-01  1.2592E+00
 -1.9200E-01  1.2592E+00
 -1.9100E-01  1.2592E+00
 -1.9000E-01  1.2592E+00
 -1.8900E-01  1.2592E+00
 -1.8800E-01  1.2592E+00
 -1.8700E-01  1.2592E+00
 -1.8600E-01  1.2592E+00
 -1.8500E-01  1.2592E+00
 -1.8400E-01  1.2592E+00
 -1.8300E-01  1.2592E+00
 -1.8200E-01  1.2592E+00
 -1.8100E-01  1.2591E+00
 -1.8000E-01  1.2591E+00
 -1.7900E-01  1.2591E+00
 -1.7800E-01  1.2591E+00
 -1.7700E-01  1.2591E+00
 -1.7600E-01  1.2591E+00
 -1.7500E-01  1.2591E+00
 -1.7400E-01  1.2591E+00
 -1.7300E-01  1.2591E+00
 -1.7200E-01  1.2591E+00
 -1.7100E-01  1.2591E+00
 -1.7000E-01  1.2591E+00
 -1.6900E-01  1.2590E+00
 -1.6800E-01  1.2590E+00
 -1.6700E-01  1.2590E+00
 -1.6600E-01  1.2590E+00
 -1.6500E-01  1.2590E+00
 -1.6400E-01  1.2590E+00
 -1.6300E-01  1.2590E+00
 -1.6200E-01  1.2590E+00
 -1.6100E-01  1.2590E+00
 -1.6000E-01  1.2589E+00
 -1.5900E-01  1.2589E+00
 -1.5800E-01  1.2589E+00
 -1.5700E-01  1.2589E+00
 -1.5600E-01  1.2589E+00
 -1.5500E-01  1.2589E+00
 -1.5400E-01  1.2588E+00
 -1.5300E-01  1.2588E+00
 -1.5200E-01  1.2588E+00
 -1.5100E-01  1.2588E+00
 -1.5000E-01  1.2588E+00
 -1.4900E-01  1.2587E+00
 -1.4800E-01  1.2587E+00
 -1.4700E-01  1.2587E+00
 -1.4600E-01  1.2587E+00
 -1.4500E-01  1.2586E+00
 -1.4400E-01  1.2586E+00
 -1.4300E-01  1.2586E+00
 -1.4200E-01  1.2586E+00
 -1.4100E-01  1.2585E+00
 -1.4000E-01  1.2585E+00
 -1.3900E-01  1.2585E+00
 -1.3800E-01  1.2584E+00
 -1.3700E-01  1.2584E+00
 -1.3600E-01  1.2584E+00
 -1.3500E-01  1.2583E+00
 -1.3400E-01  1.2583E+00
 -1.3300E-01  1.2582E+00
 -1.3200E-01  1.2582E+00
 -1.3100E-01  1.2582E+00
 -1.3000E-01  1.2581E+00
 -1.2900E-01  1.2581E+00
 -1.2800E-01  1.2580E+00
 -1.2700E-01  1.2580E+00
 -1.2600E-01  1.2579E+00
 -1.2500E-01  1.2578E+00
 -1.2400E-01  1.2578E+00
 -1.2300E-01  1.2577E+00
 -1.2200E-01  1.2577E+00
 -1.2100E-01  1.2576E+00
 -1.2000E-01  1.2575E+00
 -1.1900E-01  1.2574E+00
 -1.1800E-01  1.2574E+00
 -1.1700E-01  1.2573E+00
 -1.1600E-01  1.2572E+00
 -1.1500E-01  1.2571E+00
 -1.1400E-01  1.2570E+00
 -1.1300E-01  1.2569E+00
 -1.1200E-01  1.2568E+00
 -1.1100E-01  1.2567E+00
 -1.1000E-01  1.2566E+00
 -1.0900E-01  1.2565E+00
 -1.0800E-01  1.2564E+00
 -1.0700E-01  1.2562E+00
 -1.0600E-01  1.2561E+00
 -1.0500E-01  1.2560E+00
 -1.0400E-01  1.2558E+00
 -1.0300E-01  1.2557E+00
 -1.0200E-01  1.2555E+00
 -1.0100E-01  1.2553E+00
 -1.0000E-01  1.2552E+00
 -9.9000E-02  1.2550E+00
 -9.8000E-02  1.2548E+00
 -9.7000E-02  1.2546E+00
 -9.6000E-02  1.2544E+00
 -9.5000E-02  1.2542E+00
 -9.4000E-02  1.2540E+00
 -9.3000E-02  1.2538E+00
 -9.2000E-02  1.2535E+00
 -9.1000E-02  1.2533E+00
 -9.0000E-02  1.2530E+00
 -8.9000E-02  1.2527E+00
 -8.8000E-02  1.2525E+00
 -8.7000E-02  1.2522E+00
 -8.6000E-02  1.2519E+00
 -8.5000E-02  1.2515E+00
 -8.4000E-02  1.2512E+00
 -8.3000E-02  1.2508E+00
 -8.2000E-02  1.2505E+00
 -8.1000E-02  1.2501E+00
 -8.0000E-02  1.2497E+00
 -7.9000E-02  1.2493E+00
 -7.8000E-02  1.2488E+00
 -7.7000E-02  1.2484E+00
 -7.6000E-02  1.2479E+00
 -7.5000E-02  1.2474E+00
 -7.4000E-02  1.2469E+00
 -7.3000E-02  1.2464E+00
 -7.2000E-02  1.2458E+00
 -7.1000E-02  1.2452E+00
 -7.0000E-02  1.2446E+00
 -6.9000E-02  1.2440E+00
 -6.8000E-02  1.2433E+00
 -6.7000E-02  1.2426E+00
 -6.6000E-02  1.2419E+00
 -6.5000E-02  1.2412E+00
 -6.4000E-02  1.2404E+00
 -6.3000E-02  1.2396E+00
 -6.2000E-02  1.2387E+00
 -6.1000E-02  1.2378E+00
 -6.0000E-02  1.2369E+00
 -5.9000E-02  1.2360E+00
 -5.8000E-02  1.2350E+00
 -5.7000E-02  1.2339E+00
 -5.6000E-02  1.2328E+00
 -5.5000E-02  1.2317E+00
 -5.4000E-02  1.2306E+00
 -5.3000E-02  1.2293E+00
 -5.2000E-02  1.2281E+00
 -5.1000E-02  1.2267E+00
 -5.0000E-02  1.2254E+00
 -4.9000E-02  1.2240E+00
 -4.8000E-02  1.2225E+00
 -4.7000E-02  1.2209E+00
 -4.6000E-02  1.2193E+00
 -4.5000E-02  1.2177E+00
 -4.4000E-02  1.2160E+00
 -4.3000E-02  1.2142E+00
 -4.2000E-02  1.2123E+00
 -4.1000E-02  1.2104E+00
 -4.0000E-02  1.2084E+00
 -3.9000E-02  1.2063E+00
 -3.8000E-02  1.2042E+00
 -3.7000E-02  1.2019E+00
 -3.6000E-02  1.1996E+00
 -3.5000E-02  1.1972E+00
 -3.4000E-02  1.1948E+00
 -3.3000E-02  1.1922E+00
 -3.2000E-02  1.1896E+00
 -3.1000E-02  1.1868E+00
 -3.0000E-02  1.1840E+00
 -2.9000E-02  1.1811E+00
 -2.8000E-02  1.1781E+00
 -2.7000E-02  1.1749E+00
 -2.6000E-02  1.1717E+00
 -2.5000E-02  1.1684E+00
 -2.4000E-02  1.1650E+00
 -2.3000E-02  1.1615E+00
 -2.2000E-02  1.1578E+00
 -2.1000E-02  1.1541E+00
 -2.0000E-02  1.1502E+00
 -1.9000E-02  1.1463E+00
 -1.8000E-02  1.1422E+00
 -1.7000E-02  1.1380E+00
 -1.6000E-02  1.1337E+00
 -1.5000E-02  1.1293E+00
 -1.4000E-02  1.1248E+00
 -1.3000E-02  1.1202E+00
 -1.2000E-02  1.1155E+00
 -1.1000E-02  1.1106E+00
 -1.0000E-02  1.1056E+00
 -9.0000E-03  1.1006E+00
 -8.0000E-03  1.0954E+00
 -7.0000E-03  1.0901E+00
 -6.0000E-03  1.0847E+00
 -5.0000E-03  1.0792E+00
 -4.0000E-03  1.0736E+00
 -3.0000E-03  1.0678E+00
 -2.0000E-03  1.0620E+00
 -1.0000E-03  1.0561E+00
  0.0000E+00  1.0501E+00
  1.0000E-03  1.0440E+00
  2.0000E-03  1.0378E+00
  3.0000E-03  1.0315E+00
  4.0000E-03  1.0251E+00
  5.0000E-03  1.0187E+00
  6.0000E-03  1.0121E+00
  7.0000E-03  1.0055E+00
  8.0000E-03  9.9882E-01
  9.0000E-03  9.9206E-01
  1.0000E-02  9.8524E-01
  1.1000E-02  9.7836E-01
  1.2000E-02  9.7143E-01
  1.3000E-02  9.6444E-01
  1.4000E-02  9.5740E-01
  1.5000E-02  9.5031E-01
  1.6000E-02  9.4319E-01
  1.7000E-02  9.3603E-01
  1.8000E-02  9.2883E-01
  1.9000E-02  9.2161E-01
  2.0000E-02  9.1437E-01
  2.1000E-02  9.0710E-01
  2.2000E-02  8.9981E-01
  2.3000E-02  8.9252E-01
  2.4000E-02  8.8521E-01
  2.5000E-02  8.7790E-01
  2.6000E-02  8.7059E-01
  2.7000E-02  8.6328E-01
  2.8000E-02  8.5597E-01
  2.9000E-02  8.4868E-01
  3.0000E-02  8.4139E-01
  3.1000E-02  8.3412E-01
  3.2000E-02  8.2687E-01
  3.3000E-02  8.1965E-01
  3.4000E-02  8.1244E-01
  3.5000E-02  8.0526E-01
  3.6000E-02  7.9812E-01
  3.7000E-02  7.9100E-01
  3.8000E-02  7.8392E-01
  3.9000E-02  7.7687E-01
  4.0000E-02  7.6987E-01
  4.1000E-02  7.6290E-01
  4.2000E-02  7.5598E-01
  4.3000E-02  7.4910E-01
  4.4000E-02  7.4226E-01
  4.5000E-02  7.3548E-01
  4.6000E-02  7.2874E-01
  4.7000E-02  7.2205E-01
  4.8000E-02  7.1542E-01
  4.9000E-02  7.0883E-01
  5.0000E-02  7.0230E-01
  5.1000E-02  6.9582E-01
  5.2000E-02  6.8940E-01
  5.3000E-02  6.8304E-01
  5.4000E-02  6.7673E-01
  5.5000E-02  6.7048E-01
  5.6000E-02  6.6428E-01
  5.7000E-02  6.5814E-01
  5.8000E-02  6.5207E-01
  5.9000E-02  6.4605E-01
  6.0000E-02  6.4008E-01
  6.1000E-02  6.3418E-01
  6.2000E-02  6.2834E-01
  6.3000E-02  6.2256E-01
  6.4000E-02  6.1683E-01
  6.5000E-02  6.1117E-01
  6.6000E-02  6.0556E-01
  6.7000E-02  6.0001E-01
  6.8000E-02  5.9452E-01
  6.9000E-02  5.8909E-01
  7.0000E-02  5.8372E-01
  7.1000E-02  5.7841E-01
  7.2000E-02  5.7315E-01
  7.3000E-02  5.6795E-01
  7.4000E-02  5.6281E-01
  7.5000E-02  5.5772E-01
  7.6000E-02  5.5269E-01
  7.7000E-02  5.4772E-01
  7.8000E-02  5.4280E-01
  7.9000E-02  5.3794E-01
  8.0000E-02  5.3313E-01
  8.1000E-02  5.2838E-01
  8.2000E-02  5.2368E-01
  8.3000E-02  5.1903E-01
  8.4000E-02  5.1443E-01
  8.5000E-02  5.0989E-01
  8.6000E-02  5.0540E-01
  8.7000E-02  5.0096E-01
  8.8000E-02  4.9657E-01
  8.9000E-02  4.9223E-01
  9.0000E-02  4.8793E-01
  9.1000E-02  4.8369E-01
  9.2000E-02  4.7950E-01
  9.3000E-02  4.7535E-01
  9.4000E-02  4.7125E-01
  9.5000E-02  4.6719E-01
  9.6000E-02  4.6319E-01
  9.7000E-02  4.5922E-01
  9.8000E-02  4.5531E-01
  9.9000E-02  4.5143E-01
  1.0000E-01  4.4760E-01
  1.0100E-01  4.4381E-01
  1.0200E-01  4.4007E-01
  1.0300E-01  4.3637E-01
  1.0400E-01  4.3271E-01
  1.0500E-01  4.2908E-01
  1.0600E-01  4.2550E-01
  1.0700E-01  4.2196E-01
  1.0800E-01  4.1846E-01
  1.0900E-01  4.1500E-01
  1.1000E-01  4.1158E-01
  1.1100E-01  4.0819E-01
  1.1200E-01  4.0484E-01
  1.1300E-01  4.0153E-01
  1.1400E-01  3.9826E-01
  1.1500E-01  3.9502E-01
  1.1600E-01  3.9181E-01
  1.1700E-01  3.8864E-01
  1.1800E-01  3.8551E-01
  1.1900E-01  3.8240E-01
  1.2000E-01  3.7934E-01
  1.2100E-01  3.7630E-01
  1.2200E-01  3.7330E-01
  1.2300E-01  3.7033E-01
  1.2400E-01  3.6739E-01
  1.2500E-01  3.6448E-01
  1.2600E-01  3.6161E-01
  1.2700E-01  3.5876E-01
  1.2800E-01  3.5594E-01
  1.2900E-01  3.5316E-01
  1.3000E-01  3.5040E-01
  1.3100E-01  3.4767E-01
  1.3200E-01  3.4497E-01
  1.3300E-01  3.4229E-01
  1.3400E-01  3.3965E-01
  1.3500E-01  3.3703E-01
  1.3600E-01  3.3444E-01
  1.3700E-01  3.3188E-01
  1.3800E-01  3.2934E-01
  1.3900E-01  3.2683E-01
  1.4000E-01  3.2434E-01
  1.4100E-01  3.2188E-01
  1.4200E-01  3.1944E-01
  1.4300E-01  3.1703E-01
  1.4400E-01  3.1464E-01
  1.4500E-01  3.1227E-01
  1.4600E-01  3.0993E-01
  1.4700E-01  3.0761E-01
  1.4800E-01  3.0532E-01
  1.4900E-01  3.0305E-01
  1.5000E-01  3.0080E-01
  1.5100E-01  2.9857E-01
  1.5200E-01  2.9636E-01
  1.5300E-01  2.9418E-01
  1.5400E-01  2.9201E-01
  1.5500E-01  2.8987E-01
  1.5600E-01  2.8775E-01
  1.5700E-01  2.8564E-01
  1.5800E-01  2.8356E-01
  1.5900E-01  2.8150E-01
  1.6000E-01  2.7946E-01
  1.6100E-01  2.7743E-01
  1.6200E-01  2.7543E-01
  1.6300E-01  2.7344E-01
  1.6400E-01  2.7147E-01
  1.6500E-01  2.6953E-01
  1.6600E-01  2.6760E-01
  1.6700E-01  2.6568E-01
  1.6800E-01  2.6379E-01
  1.6900E-01  2.6191E-01
  1.7000E-01  2.6005E-01
  1.7100E-01  2.5821E-01
  1.7200E-01  2.5638E-01
  1.7300E-01  2.5457E-01
  1.7400E-01  2.5278E-01
  1.7500E-01  2.5100E-01
  1.7600E-01  2.4924E-01
  1.7700E-01  2.4749E-01
  1.7800E-01  2.4576E-01
  1.7900E-01  2.4405E-01
  1.8000E-01  2.4235E-01
  1.8100E-01  2.4067E-01
  1.8200E-01  2.3900E-01
  1.8300E-01  2.3734E-01
  1.8400E-01  2.3570E-01
  1.8500E-01  2.3408E-01
  1.8600E-01  2.3247E-01
  1.8700E-01  2.3087E-01
  1.8800E-01  2.2929E-01
  1.8900E-01  2.2772E-01
  1.9000E-01  2.2616E-01
  1.9100E-01  2.2462E-01
  1.9200E-01  2.2309E-01
  1.9300E-01  2.2158E-01
  1.9400E-01  2.2007E-01
  1.9500E-01  2.1858E-01
  1.9600E-01  2.1711E-01
  1.9700E-01  2.1564E-01
  1.9800E-01  2.1419E-01
  1.9900E-01  2.1275E-01
  2.0000E-01  2.1132E-01
  2.0100E-01  2.0990E-01
  2.0200E-01  2.0850E-01
  2.0300E-01  2.0711E-01
  2.0400E-01  2.0572E-01
  2.0500E-01  2.0435E-01
  2.0600E-01  2.0300E-01
  2.0700E-01  2.0165E-01
  2.0800E-01  2.0031E-01
  2.0900E-01  1.9899E-01
  2.1000E-01  1.9767E-01
  2.1100E-01  1.9637E-01
  2.1200E-01  1.9508E-01
  2.1300E-01  1.9379E-01
  2.1400E-01  1.9252E-01
  2.1500E-01  1.9126E-01
  2.1600E-01  1.9001E-01
  2.1700E-01  1.8877E-01
  2.1800E-01  1.8754E-01
  2.1900E-01  1.8631E-01
  2.2000E-01  1.8510E-01
  2.2100E-01  1.8390E-01
  2.2200E-01  1.8271E-01
  2.2300E-01  1.8152E-01
  2.2400E-01  1.8035E-01
  2.2500E-01  1.7919E-01
  2.2600E-01  1.7803E-01
  2.2700E-01  1.7688E-01
  2.2800E-01  1.7575E-01
  2.2900E-01  1.7462E-01
  2.3000E-01  1.7350E-01
  2.3100E-01  1.7239E-01
  2.3200E-01  1.7129E-01
  2.3300E-01  1.7019E-01
  2.3400E-01  1.6911E-01
  2.3500E-01  1.6803E-01
  2.3600E-01  1.6696E-01
  2.3700E-01  1.6590E-01
  2.3800E-01  1.6485E-01
  2.3900E-01  1.6380E-01
  2.4000E-01  1.6277E-01
  2.4100E-01  1.6174E-01
  2.4200E-01  1.6072E-01
  2.4300E-01  1.5971E-01
  2.4400E-01  1.5870E-01
  2.4500E-01  1.5770E-01
  2.4600E-01  1.5671E-01
  2.4700E-01  1.5573E-01
  2.4800E-01  1.5476E-01
  2.4900E-01  1.5379E-01
  2.5000E-01  1.5283E-01
  2.5100E-01  1.5187E-01
  2.5200E-01  1.5093E-01
  2.5300E-01  1.4999E-01
  2.5400E-01  1.4906E-01
  2.5500E-01  1.4813E-01
  2.5600E-01  1.4721E-01
  2.5700E-01  1.4630E-01
  2.5800E-01  1.4540E-01
  2.5900E-01  1.4450E-01
  2.6000E-01  1.4361E-01
  2.6100E-01  1.4272E-01
  2.6200E-01  1.4184E-01
  2.6300E-01  1.4097E-01
  2.6400E-01  1.4010E-01
  2.6500E-01  1.3924E-01
  2.6600E-01  1.3839E-01
  2.6700E-01  1.3754E-01
  2.6800E-01  1.3670E-01
  2.6900E-01  1.3587E-01
  2.7000E-01  1.3504E-01
  2.7100E-01  1.3421E-01
  2.7200E-01  1.3340E-01
  2.7300E-01  1.3259E-01
  2.7400E-01  1.3178E-01
  2.7500E-01  1.3098E-01
  2.7600E-01  1.3019E-01
  2.7700E-01  1.2940E-01
  2.7800E-01  1.2862E-01
  2.7900E-01  1.2784E-01
  2.8000E-01  1.2707E-01
  2.8100E-01  1.2630E-01
  2.8200E-01  1.2554E-01
  2.8300E-01  1.2478E-01
  2.8400E-01  1.2403E-01
  2.8500E-01  1.2329E-01
  2.8600E-01  1.2255E-01
  2.8700E-01  1.2182E-01
  2.8800E-01  1.2109E-01
  2.8900E-01  1.2036E-01
  2.9000E-01  1.1964E-01
  2.9100E-01  1.1893E-01
  2.9200E-01  1.1822E-01
  2.9300E-01  1.1752E-01
  2.9400E-01  1.1682E-01
  2.9500E-01  1.1612E-01
  2.9600E-01  1.1543E-01
  2.9700E-01  1.1475E-01
  2.9800E-01  1.1407E-01
  2.9900E-01  1.1339E-01
  3.0000E-01  1.1272E-01
  3.0100E-01  1.1206E-01
  3.0200E-01  1.1140E-01
  3.0300E-01  1.1074E-01
  3.0400E-01  1.1009E-01
  3.0500E-01  1.0944E-01
  3.0600E-01  1.0880E-01
  3.0700E-01  1.0816E-01
  3.0800E-01  1.0752E-01
  3.0900E-01  1.0689E-01
  3.1000E-01  1.0626E-01
  3.1100E-01  1.0564E-01
  3.1200E-01  1.0503E-01
  3.1300E-01  1.0441E-01
  3.1400E-01  1.0380E-01
  3.1500E-01  1.0320E-01
  3.1600E-01  1.0260E-01
  3.1700E-01  1.0200E-01
  3.1800E-01  1.0141E-01
  3.1900E-01  1.0082E-01
  3.2000E-01  1.0023E-01
  3.2100E-01  9.9650E-02
  3.2200E-01  9.9073E-02
  3.2300E-01  9.8500E-02
  3.2400E-01  9.7930E-02
  3.2500E-01  9.7364E-02
  3.2600E-01  9.6802E-02
  3.2700E-01  9.6244E-02
  3.2800E-01  9.5689E-02
  3.2900E-01  9.5138E-02
  3.3000E-01  9.4591E-02
  3.3100E-01  9.4047E-02
  3.3200E-01  9.3507E-02
  3.3300E-01  9.2971E-02
  3.3400E-01  9.2438E-02
  3.3500E-01  9.1909E-02
  3.3600E-01  9.1383E-02
  3.3700E-01  9.0860E-02
  3.3800E-01  9.0341E-02
  3.3900E-01  8.9826E-02
  3.4000E-01  8.9313E-02
  3.4100E-01  8.8804E-02
  3.4200E-01  8.8299E-02
  3.4300E-01  8.7797E-02
  3.4400E-01  8.7298E-02
  3.4500E-01  8.6802E-02
  3.4600E-01  8.6309E-02
  3.4700E-01  8.5820E-02
  3.4800E-01  8.5334E-02
  3.4900E-01  8.4851E-02
  3.5000E-01  8.4371E-02
  3.5100E-01  8.3895E-02
  3.5200E-01  8.3421E-02
  3.5300E-01  8.2951E-02
  3.5400E-01  8.2483E-02
  3.5500E-01  8.2019E-02
  3.5600E-01  8.1557E-02
  3.5700E-01  8.1099E-02
  3.5800E-01  8.0643E-02
  3.5900E-01  8.0190E-02
  3.6000E-01  7.9741E-02
  3.6100E-01  7.9294E-02
  3.6200E-01  7.8850E-02
  3.6300E-01  7.8409E-02
  3.6400E-01  7.7970E-02
  3.6500E-01  7.7535E-02
  3.6600E-01  7.7102E-02
  3.6700E-01  7.6672E-02
  3.6800E-01  7.6245E-02
  3.6900E-01  7.5821E-02
  3.7000E-01  7.5399E-02
  3.7100E-01  7.4980E-02
  3.7200E-01  7.4563E-02
  3.7300E-01  7.4149E-02
  3.7400E-01  7.3738E-02
  3.7500E-01  7.3330E-02
  3.7600E-01  7.2924E-02
  3.7700E-01  7.2520E-02
  3.7800E-01  7.2119E-02
  3.7900E-01  7.1721E-02
  3.8000E-01  7.1325E-02
  3.8100E-01  7.0932E-02
  3.8200E-01  7.0541E-02
  3.8300E-01  7.0152E-02
  3.8400E-01  6.9766E-02
  3.8500E-01  6.9383E-02
  3.8600E-01  6.9002E-02
  3.8700E-01  6.8623E-02
  3.8800E-01  6.8247E-02
  3.8900E-01  6.7873E-02
  3.9000E-01  6.7501E-02
  3.9100E-01  6.7131E-02
  3.9200E-01  6.6764E-02
  3.9300E-01  6.6400E-02
  3.9400E-01  6.6037E-02
  3.9500E-01  6.5677E-02
  3.9600E-01  6.5319E-02
  3.9700E-01  6.4963E-02
  3.9800E-01  6.4609E-02
  3.9900E-01  6.4258E-02
  4.0000E-01  6.3909E-02
  4.0100E-01  6.3562E-02
  4.0200E-01  6.3217E-02
  4.0300E-01  6.2874E-02
  4.0400E-01  6.2533E-02
  4.0500E-01  6.2194E-02
  4.0600E-01  6.1858E-02
  4.0700E-01  6.1524E-02
  4.0800E-01  6.1191E-02
  4.0900E-01  6.0861E-02
  4.1000E-01  6.0533E-02
  4.1100E-01  6.0206E-02
  4.1200E-01  5.9882E-02
  4.1300E-01  5.9560E-02
  4.1400E-01  5.9239E-02
  4.1500E-01  5.8921E-02
  4.1600E-01  5.8605E-02
  4.1700E-01  5.8290E-02
  4.1800E-01  5.7978E-02
  4.1900E-01  5.7667E-02
  4.2000E-01  5.7358E-02
  4.2100E-01  5.7051E-02
  4.2200E-01  5.6746E-02
  4.2300E-01  5.6443E-02
  4.2400E-01  5.6142E-02
  4.2500E-01  5.5842E-02
  4.2600E-01  5.5544E-02
  4.2700E-01  5.5249E-02
  4.2800E-01  5.4954E-02
  4.2900E-01  5.4662E-02
  4.3000E-01  5.4372E-02
  4.3100E-01  5.4083E-02
  4.3200E-01  5.3796E-02
  4.3300E-01  5.3510E-02
  4.3400E-01  5.3227E-02
  4.3500E-01  5.2945E-02
  4.3600E-01  5.2665E-02
  4.3700E-01  5.2386E-02
  4.3800E-01  5.2109E-02
  4.3900E-01  5.1834E-02
  4.4000E-01  5.1561E-02
  4.4100E-01  5.1289E-02
  4.4200E-01  5.1018E-02
  4.4300E-01  5.0750E-02
  4.4400E-01  5.0483E-02
  4.4500E-01  5.0217E-02
  4.4600E-01  4.9953E-02
  4.4700E-01  4.9691E-02
  4.4800E-01  4.9430E-02
  4.4900E-01  4.9171E-02
  4.5000E-01  4.8914E-02
  4.5100E-01  4.8658E-02
  4.5200E-01  4.8403E-02
  4.5300E-01  4.8150E-02
  4.5400E-01  4.7898E-02
  4.5500E-01  4.7648E-02
  4.5600E-01  4.7400E-02
  4.5700E-01  4.7153E-02
  4.5800E-01  4.6907E-02
  4.5900E-01  4.6663E-02
  4.6000E-01  4.6420E-02
  4.6100E-01  4.6179E-02
  4.6200E-01  4.5939E-02
  4.6300E-01  4.5700E-02
  4.6400E-01  4.5463E-02
  4.6500E-01  4.5227E-02
  4.6600E-01  4.4993E-02
  4.6700E-01  4.4760E-02
  4.6800E-01  4.4529E-02
  4.6900E-01  4.4298E-02
  4.7000E-01  4.4070E-02
  4.7100E-01  4.3842E-02
  4.7200E-01  4.3616E-02
  4.7300E-01  4.3391E-02
  4.7400E-01  4.3167E-02
  4.7500E-01  4.2945E-02
  4.7600E-01  4.2724E-02
  4.7700E-01  4.2505E-02
  4.7800E-01  4.2286E-02
  4.7900E-01  4.2069E-02
  4.8000E-01  4.1853E-02
  4.8100E-01  4.1639E-02
  4.8200E-01  4.1425E-02
  4.8300E-01  4.1213E-02
  4.8400E-01  4.1003E-02
  4.8500E-01  4.0793E-02
  4.8600E-01  4.0585E-02
  4.8700E-01  4.0377E-02
  4.8800E-01  4.0171E-02
  4.8900E-01  3.9966E-02
  4.9000E-01  3.9763E-02
  4.9100E-01  3.9560E-02
  4.9200E-01  3.9359E-02
  4.9300E-01  3.9159E-02
  4.9400E-01  3.8960E-02
  4.9500E-01  3.8762E-02
  4.9600E-01  3.8566E-02
  4.9700E-01  3.8370E-02
  4.9800E-01  3.8176E-02
  4.9900E-01  3.7982E-02
  5.0000E-01  3.7790E-02
  5.0100E-01  3.7599E-02
  5.0200E-01  3.7409E-02
  5.0300E-01  3.7220E-02
  5.0400E-01  3.7032E-02
  5.0500E-01  3.6845E-02
  5.0600E-01  3.6660E-02
  5.0700E-01  3.6475E-02
  5.0800E-01  3.6292E-02
  5.0900E-01  3.6109E-02
  5.1000E-01  3.5928E-02
  5.1100E-01  3.5747E-02
  5.1200E-01  3.5568E-02
  5.1300E-01  3.5389E-02
  5.1400E-01  3.5212E-02
  5.1500E-01  3.5035E-02
  5.1600E-01  3.4860E-02
  5.1700E-01  3.4686E-02
  5.1800E-01  3.4512E-02
  5.1900E-01  3.4340E-02
  5.2000E-01  3.4168E-02
  5.2100E-01  3.3998E-02
  5.2200E-01  3.3829E-02
  5.2300E-01  3.3660E-02
  5.2400E-01  3.3492E-02
  5.2500E-01  3.3326E-02
  5.2600E-01  3.3160E-02
  5.2700E-01  3.2995E-02
  5.2800E-01  3.2831E-02
  5.2900E-01  3.2669E-02
  5.3000E-01  3.2507E-02
  5.3100E-01  3.2345E-02
  5.3200E-01  3.2185E-02
  5.3300E-01  3.2026E-02
  5.3400E-01  3.1868E-02
  5.3500E-01  3.1710E-02
  5.3600E-01  3.1553E-02
  5.3700E-01  3.1398E-02
  5.3800E-01  3.1243E-02
  5.3900E-01  3.1089E-02
  5.4000E-01  3.0936E-02
  5.4100E-01  3.0783E-02
  5.4200E-01  3.0632E-02
  5.4300E-01  3.0481E-02
  5.4400E-01  3.0332E-02
  5.4500E-01  3.0183E-02
  5.4600E-01  3.0035E-02
  5.4700E-01  2.9887E-02
  5.4800E-01  2.9741E-02
  5.4900E-01  2.9595E-02
  5.5000E-01  2.9450E-02
  5.5100E-01  2.9306E-02
  5.5200E-01  2.9163E-02
  5.5300E-01  2.9021E-02
  5.5400E-01  2.8879E-02
  5.5500E-01  2.8738E-02
  5.5600E-01  2.8598E-02
  5.5700E-01  2.8459E-02
  5.5800E-01  2.8320E-02
  5.5900E-01  2.8183E-02
  5.6000E-01  2.8046E-02
  5.6100E-01  2.7909E-02
  5.6200E-01  2.7774E-02
  5.6300E-01  2.7639E-02
  5.6400E-01  2.7505E-02
  5.6500E-01  2.7372E-02
  5.6600E-01  2.7239E-02
  5.6700E-01  2.7107E-02
  5.6800E-01  2.6976E-02
  5.6900E-01  2.6846E-02
  5.7000E-01  2.6716E-02
  5.7100E-01  2.6587E-02
  5.7200E-01  2.6459E-02
  5.7300E-01  2.6332E-02
  5.7400E-01  2.6205E-02
  5.7500E-01  2.6079E-02
  5.7600E-01  2.5953E-02
  5.7700E-01  2.5828E-02
  5.7800E-01  2.5704E-02
  5.7900E-01  2.5581E-02
  5.8000E-01  2.5458E-02
  5.8100E-01  2.5336E-02
  5.8200E-01  2.5215E-02
  5.8300E-01  2.5094E-02
  5.8400E-01  2.4974E-02
  5.8500E-01  2.4854E-02
  5.8600E-01  2.4735E-02
  5.8700E-01  2.4617E-02
  5.8800E-01  2.4500E-02
  5.8900E-01  2.4383E-02
  5.9000E-01  2.4267E-02
  5.9100E-01  2.4151E-02
  5.9200E-01  2.4036E-02
  5.9300E-01  2.3922E-02
  5.9400E-01  2.3808E-02
  5.9500E-01  2.3695E-02
  5.9600E-01  2.3582E-02
  5.9700E-01  2.3470E-02
  5.9800E-01  2.3359E-02
  5.9900E-01  2.3248E-02
  6.0000E-01  2.3138E-02
  6.0100E-01  2.3029E-02
  6.0200E-01  2.2920E-02
  6.0300E-01  2.2811E-02
  6.0400E-01  2.2704E-02
  6.0500E-01  2.2596E-02
  6.0600E-01  2.2490E-02
  6.0700E-01  2.2384E-02
  6.0800E-01  2.2278E-02
  6.0900E-01  2.2173E-02
  6.1000E-01  2.2069E-02
  6.1100E-01  2.1965E-02
  6.1200E-01  2.1862E-02
  6.1300E-01  2.1759E-02
  6.1400E-01  2.1657E-02
  6.1500E-01  2.1555E-02
  6.1600E-01  2.1454E-02
  6.1700E-01  2.1354E-02
  6.1800E-01  2.1254E-02
  6.1900E-01  2.1154E-02
  6.2000E-01  2.1055E-02
  6.2100E-01  2.0957E-02
  6.2200E-01  2.0859E-02
  6.2300E-01  2.0762E-02
  6.2400E-01  2.0665E-02
  6.2500E-01  2.0568E-02
  6.2600E-01  2.0473E-02
  6.2700E-01  2.0377E-02
  6.2800E-01  2.0283E-02
  6.2900E-01  2.0188E-02
  6.3000E-01  2.0094E-02
  6.3100E-01  2.0001E-02
  6.3200E-01  1.9908E-02
  6.3300E-01  1.9816E-02
  6.3400E-01  1.9724E-02
  6.3500E-01  1.9633E-02
  6.3600E-01  1.9542E-02
  6.3700E-01  1.9451E-02
  6.3800E-01  1.9361E-02
  6.3900E-01  1.9272E-02
  6.4000E-01  1.9183E-02
  6.4100E-01  1.9094E-02
  6.4200E-01  1.9006E-02
  6.4300E-01  1.8919E-02
  6.4400E-01  1.8832E-02
  6.4500E-01  1.8745E-02
  6.4600E-01  1.8659E-02
  6.4700E-01  1.8573E-02
  6.4800E-01  1.8487E-02
  6.4900E-01  1.8403E-02
  6.5000E-01  1.8318E-02
  6.5100E-01  1.8234E-02
  6.5200E-01  1.8150E-02
  6.5300E-01  1.8067E-02
  6.5400E-01  1.7985E-02
  6.5500E-01  1.7902E-02
  6.5600E-01  1.7820E-02
  6.5700E-01  1.7739E-02
  6.5800E-01  1.7658E-02
  6.5900E-01  1.7577E-02
  6.6000E-01  1.7497E-02
  6.6100E-01  1.7418E-02
  6.6200E-01  1.7338E-02
  6.6300E-01  1.7259E-02
  6.6400E-01  1.7181E-02
  6.6500E-01  1.7103E-02
  6.6600E-01  1.7025E-02
  6.6700E-01  1.6948E-02
  6.6800E-01  1.6871E-02
  6.6900E-01  1.6794E-02
  6.7000E-01  1.6718E-02
  6.7100E-01  1.6642E-02
  6.7200E-01  1.6567E-02
  6.7300E-01  1.6492E-02
  6.7400E-01  1.6417E-02
  6.7500E-01  1.6343E-02
  6.7600E-01  1.6269E-02
  6.7700E-01  1.6196E-02
  6.7800E-01  1.6123E-02
  6.7900E-01  1.6050E-02
  6.8000E-01  1.5978E-02
  6.8100E-01  1.5906E-02
  6.8200E-01  1.5835E-02
  6.8300E-01  1.5763E-02
  6.8400E-01  1.5693E-02
  6.8500E-01  1.5622E-02
  6.8600E-01  1.5552E-02
  6.8700E-01  1.5482E-02
  6.8800E-01  1.5413E-02
  6.8900E-01  1.5344E-02
  6.9000E-01  1.5275E-02
  6.9100E-01  1.5207E-02
  6.9200E-01  1.5139E-02
  6.9300E-01  1.5071E-02
  6.9400E-01  1.5004E-02
  6.9500E-01  1.4937E-02
  6.9600E-01  1.4870E-02
  6.9700E-01  1.4804E-02
  6.9800E-01  1.4738E-02
  6.9900E-01  1.4672E-02
  7.0000E-01  1.4607E-02
  7.0100E-01  1.4542E-02
  7.0200E-01  1.4477E-02
  7.0300E-01  1.4413E-02
  7.0400E-01  1.4349E-02
  7.0500E-01  1.4286E-02
  7.0600E-01  1.4222E-02
  7.0700E-01  1.4159E-02
  7.0800E-01  1.4096E-02
  7.0900E-01  1.4034E-02
  7.1000E-01  1.3972E-02
  7.1100E-01  1.3910E-02
  7.1200E-01  1.3849E-02
  7.1300E-01  1.3788E-02
  7.1400E-01  1.3727E-02
  7.1500E-01  1.3666E-02
  7.1600E-01  1.3606E-02
  7.1700E-01  1.3546E-02
  7.1800E-01  1.3487E-02
  7.1900E-01  1.3427E-02
  7.2000E-01  1.3368E-02
  7.2100E-01  1.3310E-02
  7.2200E-01  1.3251E-02
  7.2300E-01  1.3193E-02
  7.2400E-01  1.3135E-02
  7.2500E-01  1.3078E-02
  7.2600E-01  1.3020E-02
  7.2700E-01  1.2963E-02
  7.2800E-01  1.2907E-02
  7.2900E-01  1.2850E-02
  7.3000E-01  1.2794E-02
  7.3100E-01  1.2738E-02
  7.3200E-01  1.2683E-02
  7.3300E-01  1.2627E-02
  7.3400E-01  1.2572E-02
  7.3500E-01  1.2517E-02
  7.3600E-01  1.2463E-02
  7.3700E-01  1.2409E-02
  7.3800E-01  1.2355E-02
  7.3900E-01  1.2301E-02
  7.4000E-01  1.2248E-02
  7.4100E-01  1.2195E-02
  7.4200E-01  1.2142E-02
  7.4300E-01  1.2089E-02
  7.4400E-01  1.2037E-02
  7.4500E-01  1.1985E-02
  7.4600E-01  1.1933E-02
  7.4700E-01  1.1881E-02
  7.4800E-01  1.1830E-02
  7.4900E-01  1.1779E-02
  7.5000E-01  1.1728E-02
  7.5100E-01  1.1677E-02
  7.5200E-01  1.1627E-02
  7.5300E-01  1.1577E-02
  7.5400E-01  1.1527E-02
  7.5500E-01  1.1477E-02
  7.5600E-01  1.1428E-02
  7.5700E-01  1.1379E-02
  7.5800E-01  1.1330E-02
  7.5900E-01  1.1281E-02
  7.6000E-01  1.1233E-02
  7.6100E-01  1.1185E-02
  7.6200E-01  1.1137E-02
  7.6300E-01  1.1089E-02
  7.6400E-01  1.1042E-02
  7.6500E-01  1.0994E-02
  7.6600E-01  1.0947E-02
  7.6700E-01  1.0901E-02
  7.6800E-01  1.0854E-02
  7.6900E-01  1.0808E-02
  7.7000E-01  1.0762E-02
  7.7100E-01  1.0716E-02
  7.7200E-01  1.0670E-02
  7.7300E-01  1.0625E-02
  7.7400E-01  1.0580E-02
  7.7500E-01  1.0535E-02
  7.7600E-01  1.0490E-02
  7.7700E-01  1.0445E-02
  7.7800E-01  1.0401E-02
  7.7900E-01  1.0357E-02
  7.8000E-01  1.0313E-02
  7.8100E-01  1.0269E-02
  7.8200E-01  1.0226E-02
  7.8300E-01  1.0182E-02
  7.8400E-01  1.0139E-02
  7.8500E-01  1.0097E-02
  7.8600E-01  1.0054E-02
  7.8700E-01  1.0011E-02
  7.8800E-01  9.9692E-03
  7.8900E-01  9.9272E-03
  7.9000E-01  9.8853E-03
  7.9100E-01  9.8437E-03
  7.9200E-01  9.8023E-03
  7.9300E-01  9.7610E-03
  7.9400E-01  9.7200E-03
  7.9500E-01  9.6792E-03
  7.9600E-01  9.6385E-03
  7.9700E-01  9.5981E-03
  7.9800E-01  9.5578E-03
  7.9900E-01  9.5178E-03
  8.0000E-01  9.4779E-03
  8.0100E-01  9.4382E-03
  8.0200E-01  9.3987E-03
  8.0300E-01  9.3594E-03
  8.0400E-01  9.3203E-03
  8.0500E-01  9.2814E-03
  8.0600E-01  9.2426E-03
  8.0700E-01  9.2041E-03
  8.0800E-01  9.1657E-03
  8.0900E-01  9.1275E-03
  8.1000E-01  9.0895E-03
  8.1100E-01  9.0517E-03
  8.1200E-01  9.0141E-03
  8.1300E-01  8.9766E-03
  8.1400E-01  8.9393E-03
  8.1500E-01  8.9022E-03
  8.1600E-01  8.8652E-03
  8.1700E-01  8.8285E-03
  8.1800E-01  8.7919E-03
  8.1900E-01  8.7555E-03
  8.2000E-01  8.7192E-03
  8.2100E-01  8.6832E-03
  8.2200E-01  8.6473E-03
  8.2300E-01  8.6116E-03
  8.2400E-01  8.5760E-03
  8.2500E-01  8.5406E-03
  8.2600E-01  8.5054E-03
  8.2700E-01  8.4703E-03
  8.2800E-01  8.4354E-03
  8.2900E-01  8.4007E-03
  8.3000E-01  8.3661E-03
  8.3100E-01  8.3317E-03
  8.3200E-01  8.2975E-03
  8.3300E-01  8.2634E-03
  8.3400E-01  8.2295E-03
  8.3500E-01  8.1957E-03
  8.3600E-01  8.1621E-03
  8.3700E-01  8.1287E-03
  8.3800E-01  8.0954E-03
  8.3900E-01  8.0623E-03
  8.4000E-01  8.0293E-03
  8.4100E-01  7.9965E-03
  8.4200E-01  7.9638E-03
  8.4300E-01  7.9313E-03
  8.4400E-01  7.8989E-03
  8.4500E-01  7.8667E-03
  8.4600E-01  7.8347E-03
  8.4700E-01  7.8027E-03
  8.4800E-01  7.7710E-03
  8.4900E-01  7.7394E-03
  8.5000E-01  7.7079E-03
  8.5100E-01  7.6766E-03
  8.5200E-01  7.6454E-03
  8.5300E-01  7.6144E-03
  8.5400E-01  7.5835E-03
  8.5500E-01  7.5527E-03
  8.5600E-01  7.5222E-03
  8.5700E-01  7.4917E-03
  8.5800E-01  7.4614E-03
  8.5900E-01  7.4312E-03
  8.6000E-01  7.4012E-03
  8.6100E-01  7.3713E-03
  8.6200E-01  7.3415E-03
  8.6300E-01  7.3119E-03
  8.6400E-01  7.2824E-03
  8.6500E-01  7.2531E-03
  8.6600E-01  7.2239E-03
  8.6700E-01  7.1948E-03
  8.6800E-01  7.1659E-03
  8.6900E-01  7.1371E-03
  8.7000E-01  7.1084E-03
  8.7100E-01  7.0798E-03
  8.7200E-01  7.0514E-03
  8.7300E-01  7.0232E-03
  8.7400E-01  6.9950E-03
  8.7500E-01  6.9670E-03
  8.7600E-01  6.9391E-03
  8.7700E-01  6.9113E-03
  8.7800E-01  6.8837E-03
  8.7900E-01  6.8562E-03
  8.8000E-01  6.8288E-03
  8.8100E-01  6.8016E-03
  8.8200E-01  6.7744E-03
  8.8300E-01  6.7474E-03
  8.8400E-01  6.7205E-03
  8.8500E-01  6.6938E-03
  8.8600E-01  6.6671E-03
  8.8700E-01  6.6406E-03
  8.8800E-01  6.6142E-03
  8.8900E-01  6.5880E-03
  8.9000E-01  6.5618E-03
  8.9100E-01  6.5358E-03
  8.9200E-01  6.5099E-03
  8.9300E-01  6.4841E-03
  8.9400E-01  6.4584E-03
  8.9500E-01  6.4328E-03
  8.9600E-01  6.4074E-03
  8.9700E-01  6.3821E-03
  8.9800E-01  6.3569E-03
  8.9900E-01  6.3318E-03
  9.0000E-01  6.3068E-03
  9.0100E-01  6.2819E-03
  9.0200E-01  6.2571E-03
  9.0300E-01  6.2325E-03
  9.0400E-01  6.2080E-03
  9.0500E-01  6.1835E-03
  9.0600E-01  6.1592E-03
  9.0700E-01  6.1350E-03
  9.0800E-01  6.1109E-03
  9.0900E-01  6.0870E-03
  9.1000E-01  6.0631E-03
  9.1100E-01  6.0393E-03
  9.1200E-01  6.0157E-03
  9.1300E-01  5.9921E-03
  9.1400E-01  5.9687E-03
  9.1500E-01  5.9453E-03
  9.1600E-01  5.9221E-03
  9.1700E-01  5.8990E-03
  9.1800E-01  5.8759E-03
  9.1900E-01  5.8530E-03
  9.2000E-01  5.8302E-03
  9.2100E-01  5.8075E-03
  9.2200E-01  5.7849E-03
  9.2300E-01  5.7624E-03
  9.2400E-01  5.7400E-03
  9.2500E-01  5.7176E-03
  9.2600E-01  5.6954E-03
  9.2700E-01  5.6733E-03
  9.2800E-01  5.6513E-03
  9.2900E-01  5.6294E-03
  9.3000E-01  5.6076E-03
  9.3100E-01  5.5859E-03
  9.3200E-01  5.5643E-03
  9.3300E-01  5.5427E-03
  9.3400E-01  5.5213E-03
  9.3500E-01  5.5000E-03
  9.3600E-01  5.4788E-03
  9.3700E-01  5.4576E-03
  9.3800E-01  5.4366E-03
  9.3900E-01  5.4156E-03
  9.4000E-01  5.3948E-03
  9.4100E-01  5.3740E-03
  9.4200E-01  5.3533E-03
  9.4300E-01  5.3327E-03
  9.4400E-01  5.3123E-03
  9.4500E-01  5.2919E-03
  9.4600E-01  5.2716E-03
  9.4700E-01  5.2513E-03
  9.4800E-01  5.2312E-03
  9.4900E-01  5.2112E-03
  9.5000E-01  5.1912E-03
  9.5100E-01  5.1714E-03
  9.5200E-01  5.1516E-03
  9.5300E-01  5.1319E-03
  9.5400E-01  5.1123E-03
  9.5500E-01  5.0928E-03
  9.5600E-01  5.0734E-03
  9.5700E-01  5.0541E-03
  9.5800E-01  5.0348E-03
  9.5900E-01  5.0157E-03
  9.6000E-01  4.9966E-03
  9.6100E-01  4.9776E-03
  9.6200E-01  4.9587E-03
  9.6300E-01  4.9398E-03
  9.6400E-01  4.9211E-03
  9.6500E-01  4.9024E-03
  9.6600E-01  4.8838E-03
  9.6700E-01  4.8653E-03
  9.6800E-01  4.8469E-03
  9.6900E-01  4.8286E-03
  9.7000E-01  4.8103E-03
  9.7100E-01  4.7922E-03
  9.7200E-01  4.7741E-03
  9.7300E-01  4.7561E-03
  9.7400E-01  4.7381E-03
  9.7500E-01  4.7203E-03
  9.7600E-01  4.7025E-03
  9.7700E-01  4.6848E-03
  9.7800E-01  4.6672E-03
  9.7900E-01  4.6496E-03
  9.8000E-01  4.6321E-03
  9.8100E-01  4.6148E-03
  9.8200E-01  4.5974E-03
  9.8300E-01  4.5802E-03
  9.8400E-01  4.5630E-03
  9.8500E-01  4.5459E-03
  9.8600E-01  4.5289E-03
  9.8700E-01  4.5120E-03
  9.8800E-01  4.4951E-03
  9.8900E-01  4.4783E-03
  9.9000E-01  4.4616E-03
  9.9100E-01  4.4450E-03
  9.9200E-01  4.4284E-03
  9.9300E-01  4.4119E-03
  9.9400E-01  4.3955E-03
  9.9500E-01  4.3791E-03
  9.9600E-01  4.3628E-03
  9.9700E-01  4.3466E-03
  9.9800E-01  4.3304E-03
  9.9900E-01  4.3144E-03
  1.0000E+00  4.2984E-03
  1.0010E+00  4.2824E-03
  1.0020E+00  4.2666E-03
  1.0030E+00  4.2508E-03
  1.0040E+00  4.2350E-03
  1.0050E+00  4.2194E-03
  1.0060E+00  4.2038E-03
  1.0070E+00  4.1883E-03
  1.0080E+00  4.1728E-03
  1.0090E+00  4.1574E-03
  1.0100E+00  4.1421E-03
  1.0110E+00  4.1268E-03
  1.0120E+00  4.1116E-03
  1.0130E+00  4.0965E-03
  1.0140E+00  4.0814E-03
  1.0150E+00  4.0664E-03
  1.0160E+00  4.0515E-03
  1.0170E+00  4.0366E-03
  1.0180E+00  4.0218E-03
  1.0190E+00  4.0071E-03
  1.0200E+00  3.9924E-03
  1.0210E+00  3.9778E-03
  1.0220E+00  3.9633E-03
  1.0230E+00  3.9488E-03
  1.0240E+00  3.9344E-03
  1.0250E+00  3.9200E-03
  1.0260E+00  3.9057E-03
  1.0270E+00  3.8914E-03
  1.0280E+00  3.8773E-03
  1.0290E+00  3.8632E-03
  1.0300E+00  3.8491E-03
  1.0310E+00  3.8351E-03
  1.0320E+00  3.8212E-03
  1.0330E+00  3.8073E-03
  1.0340E+00  3.7935E-03
  1.0350E+00  3.7797E-03
  1.0360E+00  3.7660E-03
  1.0370E+00  3.7524E-03
  1.0380E+00  3.7388E-03
  1.0390E+00  3.7253E-03
  1.0400E+00  3.7118E-03
  1.0410E+00  3.6984E-03
  1.0420E+00  3.6850E-03
  1.0430E+00  3.6718E-03
  1.0440E+00  3.6585E-03
  1.0450E+00  3.6453E-03
  1.0460E+00  3.6322E-03
  1.0470E+00  3.6191E-03
  1.0480E+00  3.6061E-03
  1.0490E+00  3.5932E-03
  1.0500E+00  3.5803E-03
  1.0510E+00  3.5674E-03
  1.0520E+00  3.5546E-03
  1.0530E+00  3.5419E-03
  1.0540E+00  3.5292E-03
  1.0550E+00  3.5166E-03
  1.0560E+00  3.5040E-03
  1.0570E+00  3.4915E-03
  1.0580E+00  3.4790E-03
  1.0590E+00  3.4666E-03
  1.0600E+00  3.4542E-03
  1.0610E+00  3.4419E-03
  1.0620E+00  3.4297E-03
  1.0630E+00  3.4175E-03
  1.0640E+00  3.4053E-03
  1.0650E+00  3.3932E-03
  1.0660E+00  3.3811E-03
  1.0670E+00  3.3691E-03
  1.0680E+00  3.3572E-03
  1.0690E+00  3.3453E-03
  1.0700E+00  3.3334E-03
  1.0710E+00  3.3216E-03
  1.0720E+00  3.3099E-03
  1.0730E+00  3.2982E-03
  1.0740E+00  3.2865E-03
  1.0750E+00  3.2749E-03
  1.0760E+00  3.2634E-03
  1.0770E+00  3.2519E-03
  1.0780E+00  3.2404E-03
  1.0790E+00  3.2290E-03
  1.0800E+00  3.2177E-03
  1.0810E+00  3.2063E-03
  1.0820E+00  3.1951E-03
  1.0830E+00  3.1839E-03
  1.0840E+00  3.1727E-03
  1.0850E+00  3.1616E-03
  1.0860E+00  3.1505E-03
  1.0870E+00  3.1395E-03
  1.0880E+00  3.1285E-03
  1.0890E+00  3.1176E-03
  1.0900E+00  3.1067E-03
  1.0910E+00  3.0958E-03
  1.0920E+00  3.0850E-03
  1.0930E+00  3.0743E-03
  1.0940E+00  3.0636E-03
  1.0950E+00  3.0529E-03
  1.0960E+00  3.0423E-03
  1.0970E+00  3.0317E-03
  1.0980E+00  3.0212E-03
  1.0990E+00  3.0107E-03
  1.1000E+00  3.0003E-03
  1.1010E+00  2.9899E-03
  1.1020E+00  2.9795E-03
  1.1030E+00  2.9692E-03
  1.1040E+00  2.9589E-03
  1.1050E+00  2.9487E-03
  1.1060E+00  2.9385E-03
  1.1070E+00  2.9284E-03
  1.1080E+00  2.9183E-03
  1.1090E+00  2.9082E-03
  1.1100E+00  2.8982E-03
  1.1110E+00  2.8882E-03
  1.1120E+00  2.8783E-03
  1.1130E+00  2.8684E-03
  1.1140E+00  2.8586E-03
  1.1150E+00  2.8488E-03
  1.1160E+00  2.8390E-03
  1.1170E+00  2.8293E-03
  1.1180E+00  2.8196E-03
  1.1190E+00  2.8099E-03
  1.1200E+00  2.8003E-03
  1.1210E+00  2.7908E-03
  1.1220E+00  2.7812E-03
  1.1230E+00  2.7718E-03
  1.1240E+00  2.7623E-03
  1.1250E+00  2.7529E-03
  1.1260E+00  2.7435E-03
  1.1270E+00  2.7342E-03
  1.1280E+00  2.7249E-03
  1.1290E+00  2.7157E-03
  1.1300E+00  2.7065E-03
  1.1310E+00  2.6973E-03
  1.1320E+00  2.6882E-03
  1.1330E+00  2.6791E-03
  1.1340E+00  2.6700E-03
  1.1350E+00  2.6610E-03
  1.1360E+00  2.6520E-03
  1.1370E+00  2.6430E-03
  1.1380E+00  2.6341E-03
  1.1390E+00  2.6253E-03
  1.1400E+00  2.6164E-03
  1.1410E+00  2.6076E-03
  1.1420E+00  2.5989E-03
  1.1430E+00  2.5901E-03
  1.1440E+00  2.5814E-03
  1.1450E+00  2.5728E-03
  1.1460E+00  2.5642E-03
  1.1470E+00  2.5556E-03
  1.1480E+00  2.5470E-03
  1.1490E+00  2.5385E-03
  1.1500E+00  2.5300E-03
  1.1510E+00  2.5216E-03
  1.1520E+00  2.5132E-03
  1.1530E+00  2.5048E-03
  1.1540E+00  2.4965E-03
  1.1550E+00  2.4881E-03
  1.1560E+00  2.4799E-03
  1.1570E+00  2.4716E-03
  1.1580E+00  2.4634E-03
  1.1590E+00  2.4553E-03
  1.1600E+00  2.4471E-03
  1.1610E+00  2.4390E-03
  1.1620E+00  2.4310E-03
  1.1630E+00  2.4229E-03
  1.1640E+00  2.4149E-03
  1.1650E+00  2.4069E-03
  1.1660E+00  2.3990E-03
  1.1670E+00  2.3911E-03
  1.1680E+00  2.3832E-03
  1.1690E+00  2.3754E-03
  1.1700E+00  2.3676E-03
  1.1710E+00  2.3598E-03
  1.1720E+00  2.3521E-03
  1.1730E+00  2.3444E-03
  1.1740E+00  2.3367E-03
  1.1750E+00  2.3290E-03
  1.1760E+00  2.3214E-03
  1.1770E+00  2.3138E-03
  1.1780E+00  2.3063E-03
  1.1790E+00  2.2987E-03
  1.1800E+00  2.2912E-03
  1.1810E+00  2.2838E-03
  1.1820E+00  2.2764E-03
  1.1830E+00  2.2690E-03
  1.1840E+00  2.2616E-03
  1.1850E+00  2.2542E-03
  1.1860E+00  2.2469E-03
  1.1870E+00  2.2396E-03
  1.1880E+00  2.2324E-03
  1.1890E+00  2.2252E-03
  1.1900E+00  2.2180E-03
  1.1910E+00  2.2108E-03
  1.1920E+00  2.2037E-03
  1.1930E+00  2.1966E-03
  1.1940E+00  2.1895E-03
  1.1950E+00  2.1825E-03
  1.1960E+00  2.1754E-03
  1.1970E+00  2.1685E-03
  1.1980E+00  2.1615E-03
  1.1990E+00  2.1546E-03
  1.2000E+00  2.1477E-03
  1.2010E+00  2.1408E-03
  1.2020E+00  2.1339E-03
  1.2030E+00  2.1271E-03
  1.2040E+00  2.1203E-03
  1.2050E+00  2.1136E-03
  1.2060E+00  2.1068E-03
  1.2070E+00  2.1001E-03
  1.2080E+00  2.0934E-03
  1.2090E+00  2.0868E-03
  1.2100E+00  2.0802E-03
  1.2110E+00  2.0736E-03
  1.2120E+00  2.0670E-03
  1.2130E+00  2.0604E-03
  1.2140E+00  2.0539E-03
  1.2150E+00  2.0474E-03
  1.2160E+00  2.0410E-03
  1.2170E+00  2.0345E-03
  1.2180E+00  2.0281E-03
  1.2190E+00  2.0217E-03
  1.2200E+00  2.0154E-03
  1.2210E+00  2.0090E-03
  1.2220E+00  2.0027E-03
  1.2230E+00  1.9964E-03
  1.2240E+00  1.9902E-03
  1.2250E+00  1.9839E-03
  1.2260E+00  1.9777E-03
  1.2270E+00  1.9715E-03
  1.2280E+00  1.9654E-03
  1.2290E+00  1.9593E-03
  1.2300E+00  1.9531E-03
  1.2310E+00  1.9471E-03
  1.2320E+00  1.9410E-03
  1.2330E+00  1.9350E-03
  1.2340E+00  1.9290E-03
  1.2350E+00  1.9230E-03
  1.2360E+00  1.9170E-03
  1.2370E+00  1.9111E-03
  1.2380E+00  1.9052E-03
  1.2390E+00  1.8993E-03
  1.2400E+00  1.8934E-03
  1.2410E+00  1.8876E-03
  1.2420E+00  1.8818E-03
  1.2430E+00  1.8760E-03
  1.2440E+00  1.8702E-03
  1.2450E+00  1.8645E-03
  1.2460E+00  1.8587E-03
  1.2470E+00  1.8530E-03
  1.2480E+00  1.8474E-03
  1.2490E+00  1.8417E-03
  1.2500E+00  1.8361E-03
  1.2510E+00  1.8305E-03
  1.2520E+00  1.8249E-03
  1.2530E+00  1.8193E-03
  1.2540E+00  1.8138E-03
  1.2550E+00  1.8083E-03
  1.2560E+00  1.8028E-03
  1.2570E+00  1.7973E-03
  1.2580E+00  1.7919E-03
  1.2590E+00  1.7864E-03
  1.2600E+00  1.7810E-03
  1.2610E+00  1.7757E-03
  1.2620E+00  1.7703E-03
  1.2630E+00  1.7650E-03
  1.2640E+00  1.7596E-03
  1.2650E+00  1.7543E-03
  1.2660E+00  1.7491E-03
  1.2670E+00  1.7438E-03
  1.2680E+00  1.7386E-03
  1.2690E+00  1.7334E-03
  1.2700E+00  1.7282E-03
  1.2710E+00  1.7230E-03
  1.2720E+00  1.7179E-03
  1.2730E+00  1.7127E-03
  1.2740E+00  1.7076E-03
  1.2750E+00  1.7026E-03
  1.2760E+00  1.6975E-03
  1.2770E+00  1.6924E-03
  1.2780E+00  1.6874E-03
  1.2790E+00  1.6824E-03
  1.2800E+00  1.6774E-03
  1.2810E+00  1.6725E-03
  1.2820E+00  1.6675E-03
  1.2830E+00  1.6626E-03
  1.2840E+00  1.6577E-03
  1.2850E+00  1.6528E-03
  1.2860E+00  1.6480E-03
  1.2870E+00  1.6431E-03
  1.2880E+00  1.6383E-03
  1.2890E+00  1.6335E-03
  1.2900E+00  1.6287E-03
  1.2910E+00  1.6240E-03
  1.2920E+00  1.6192E-03
  1.2930E+00  1.6145E-03
  1.2940E+00  1.6098E-03
  1.2950E+00  1.6051E-03
  1.2960E+00  1.6004E-03
  1.2970E+00  1.5958E-03
  1.2980E+00  1.5912E-03
  1.2990E+00  1.5865E-03
  1.3000E+00  1.5820E-03
  1.3010E+00  1.5774E-03
  1.3020E+00  1.5728E-03
  1.3030E+00  1.5683E-03
  1.3040E+00  1.5638E-03
  1.3050E+00  1.5593E-03
  1.3060E+00  1.5548E-03
  1.3070E+00  1.5503E-03
  1.3080E+00  1.5459E-03
  1.3090E+00  1.5415E-03
  1.3100E+00  1.5371E-03
  1.3110E+00  1.5327E-03
  1.3120E+00  1.5283E-03
  1.3130E+00  1.5239E-03
  1.3140E+00  1.5196E-03
  1.3150E+00  1.5153E-03
  1.3160E+00  1.5110E-03
  1.3170E+00  1.5067E-03
  1.3180E+00  1.5024E-03
  1.3190E+00  1.4982E-03
  1.3200E+00  1.4940E-03
  1.3210E+00  1.4898E-03
  1.3220E+00  1.4856E-03
  1.3230E+00  1.4814E-03
  1.3240E+00  1.4772E-03
  1.3250E+00  1.4731E-03
  1.3260E+00  1.4689E-03
  1.3270E+00  1.4648E-03
  1.3280E+00  1.4607E-03
  1.3290E+00  1.4567E-03
  1.3300E+00  1.4526E-03
  1.3310E+00  1.4486E-03
  1.3320E+00  1.4445E-03
  1.3330E+00  1.4405E-03
  1.3340E+00  1.4365E-03
  1.3350E+00  1.4325E-03
  1.3360E+00  1.4286E-03
  1.3370E+00  1.4246E-03
  1.3380E+00  1.4207E-03
  1.3390E+00  1.4168E-03
  1.3400E+00  1.4129E-03
  1.3410E+00  1.4090E-03
  1.3420E+00  1.4052E-03
  1.3430E+00  1.4013E-03
  1.3440E+00  1.3975E-03
  1.3450E+00  1.3937E-03
  1.3460E+00  1.3899E-03
  1.3470E+00  1.3861E-03
  1.3480E+00  1.3823E-03
  1.3490E+00  1.3785E-03
  1.3500E+00  1.3748E-03
  1.3510E+00  1.3711E-03
  1.3520E+00  1.3674E-03
  1.3530E+00  1.3637E-03
  1.3540E+00  1.3600E-03
  1.3550E+00  1.3563E-03
  1.3560E+00  1.3527E-03
  1.3570E+00  1.3491E-03
  1.3580E+00  1.3455E-03
  1.3590E+00  1.3419E-03
  1.3600E+00  1.3383E-03
  1.3610E+00  1.3347E-03
  1.3620E+00  1.3311E-03
  1.3630E+00  1.3276E-03
  1.3640E+00  1.3241E-03
  1.3650E+00  1.3206E-03
  1.3660E+00  1.3171E-03
  1.3670E+00  1.3136E-03
  1.3680E+00  1.3101E-03
  1.3690E+00  1.3066E-03
  1.3700E+00  1.3032E-03
  1.3710E+00  1.2998E-03
  1.3720E+00  1.2964E-03
  1.3730E+00  1.2930E-03
  1.3740E+00  1.2896E-03
  1.3750E+00  1.2862E-03
  1.3760E+00  1.2829E-03
  1.3770E+00  1.2795E-03
  1.3780E+00  1.2762E-03
  1.3790E+00  1.2729E-03
  1.3800E+00  1.2696E-03
  1.3810E+00  1.2663E-03
  1.3820E+00  1.2630E-03
  1.3830E+00  1.2598E-03
  1.3840E+00  1.2565E-03
  1.3850E+00  1.2533E-03
  1.3860E+00  1.2501E-03
  1.3870E+00  1.2469E-03
  1.3880E+00  1.2437E-03
  1.3890E+00  1.2405E-03
  1.3900E+00  1.2374E-03
  1.3910E+00  1.2342E-03
  1.3920E+00  1.2311E-03
  1.3930E+00  1.2279E-03
  1.3940E+00  1.2248E-03
  1.3950E+00  1.2217E-03
  1.3960E+00  1.2187E-03
  1.3970E+00  1.2156E-03
  1.3980E+00  1.2125E-03
  1.3990E+00  1.2095E-03
  1.4000E+00  1.2065E-03
  1.4010E+00  1.2034E-03
  1.4020E+00  1.2004E-03
  1.4030E+00  1.1974E-03
  1.4040E+00  1.1945E-03
  1.4050E+00  1.1915E-03
  1.4060E+00  1.1885E-03
  1.4070E+00  1.1856E-03
  1.4080E+00  1.1827E-03
  1.4090E+00  1.1797E-03
  1.4100E+00  1.1768E-03
  1.4110E+00  1.1740E-03
  1.4120E+00  1.1711E-03
  1.4130E+00  1.1682E-03
  1.4140E+00  1.1654E-03
  1.4150E+00  1.1625E-03
  1.4160E+00  1.1597E-03
  1.4170E+00  1.1569E-03
  1.4180E+00  1.1541E-03
  1.4190E+00  1.1513E-03
  1.4200E+00  1.1485E-03
  1.4210E+00  1.1457E-03
  1.4220E+00  1.1430E-03
  1.4230E+00  1.1402E-03
  1.4240E+00  1.1375E-03
  1.4250E+00  1.1348E-03
  1.4260E+00  1.1320E-03
  1.4270E+00  1.1293E-03
  1.4280E+00  1.1267E-03
  1.4290E+00  1.1240E-03
  1.4300E+00  1.1213E-03
  1.4310E+00  1.1187E-03
  1.4320E+00  1.1160E-03
  1.4330E+00  1.1134E-03
  1.4340E+00  1.1108E-03
  1.4350E+00  1.1082E-03
  1.4360E+00  1.1056E-03
  1.4370E+00  1.1030E-03
  1.4380E+00  1.1004E-03
  1.4390E+00  1.0979E-03
  1.4400E+00  1.0953E-03
  1.4410E+00  1.0928E-03
  1.4420E+00  1.0903E-03
  1.4430E+00  1.0878E-03
  1.4440E+00  1.0853E-03
  1.4450E+00  1.0828E-03
  1.4460E+00  1.0803E-03
  1.4470E+00  1.0778E-03
  1.4480E+00  1.0754E-03
  1.4490E+00  1.0729E-03
  1.4500E+00  1.0705E-03
  1.4510E+00  1.0680E-03
  1.4520E+00  1.0656E-03
  1.4530E+00  1.0632E-03
  1.4540E+00  1.0608E-03
  1.4550E+00  1.0585E-03
  1.4560E+00  1.0561E-03
  1.4570E+00  1.0537E-03
  1.4580E+00  1.0514E-03
  1.4590E+00  1.0490E-03
  1.4600E+00  1.0467E-03
  1.4610E+00  1.0444E-03
  1.4620E+00  1.0421E-03
  1.4630E+00  1.0398E-03
  1.4640E+00  1.0375E-03
  1.4650E+00  1.0352E-03
  1.4660E+00  1.0329E-03
  1.4670E+00  1.0307E-03
  1.4680E+00  1.0284E-03
  1.4690E+00  1.0262E-03
  1.4700E+00  1.0240E-03
  1.4710E+00  1.0218E-03
  1.4720E+00  1.0196E-03
  1.4730E+00  1.0174E-03
  1.4740E+00  1.0152E-03
  1.4750E+00  1.0130E-03
  1.4760E+00  1.0109E-03
  1.4770E+00  1.0087E-03
  1.4780E+00  1.0066E-03
  1.4790E+00  1.0044E-03
  1.4800E+00  1.0023E-03
  1.4810E+00  1.0002E-03
  1.4820E+00  9.9808E-04
  1.4830E+00  9.9599E-04
  1.4840E+00  9.9390E-04
  1.4850E+00  9.9183E-04
  1.4860E+00  9.8977E-04
  1.4870E+00  9.8771E-04
  1.4880E+00  9.8567E-04
  1.4890E+00  9.8363E-04
  1.4900E+00  9.8161E-04
  1.4910E+00  9.7959E-04
  1.4920E+00  9.7758E-04
  1.4930E+00  9.7559E-04
  1.4940E+00  9.7360E-04
  1.4950E+00  9.7162E-04
  1.4960E+00  9.6966E-04
  1.4970E+00  9.6770E-04
  1.4980E+00  9.6575E-04
  1.4990E+00  9.6381E-04
  1.5000E+00  9.6188E-04
